1	3.65262e-05
2	-3.38608e-05
3	-8.17809e-05
4	6.09295e-05
5	9.59651e-05
6	8.61231e-05
7	6.1591e-05
8	-6.68256e-05
9	-8.05436e-05
10	-4.89498e-05
11	-2.29984e-05
12	6.44983e-05
13	3.10231e-05
14	-6.0081e-05
15	-4.73625e-05
16	3.91139e-05
17	-8.2743e-05
18	5.93769e-05
19	3.10352e-05
20	-3.62288e-05
21	6.00296e-05
22	-4.94456e-05
23	-5.39131e-05
24	-4.82101e-05
25	2.85116e-05
26	3.57291e-05
27	5.40128e-05
28	5.31649e-05
29	3.20557e-05
30	3.15256e-05
31	-2.46555e-05
32	-3.25147e-05
33	-2.78128e-05
34	2.13291e-05
35	1.84881e-05
36	2.04634e-05
37	1.29051e-05
38	1.72168e-05
39	-1.28705e-05
40	-1.42554e-05
41	-6.6031e-06
42	-7.15885e-06
43	-9.26565e-06
44	-7.05372e-06
45	8.5418e-06
46	7.14653e-06
47	8.78479e-06
48	6.62619e-06
49	7.61231e-06
50	-5.23024e-06
51	4.62236e-06
52	-6.78464e-06
53	-5.63053e-06
54	-4.25129e-06
55	5.11533e-06
56	2.87184e-06
57	3.29131e-06
58	2.37397e-06
59	-2.52462e-06
60	-3.52347e-06
61	-2.77379e-06
62	-2.5693e-06
63	2.60782e-06
64	2.37045e-06
65	2.06942e-06
66	-6.20917e-07
67	-1.66775e-06
68	-1.99018e-06
69	-1.59506e-06
70	-1.18018e-06
71	-8.9202e-07
72	-1.01032e-06
73	-1.20981e-06
74	-1.03837e-06
75	-9.74233e-07
76	-1.03745e-06
77	-1.02884e-06
78	6.38678e-07
79	6.98145e-07
80	4.75741e-07
81	6.21187e-07
82	4.72357e-07
83	-4.39972e-07
84	-3.58113e-07
85	-2.93673e-07
86	-3.75182e-07
87	2.56937e-07
88	2.697e-07
89	2.21031e-07
90	2.89471e-07
91	2.25226e-07
92	1.74736e-09
93	1.71684e-07
94	-2.2757e-07
95	-1.91947e-07
96	9.37881e-08
97	-1.68596e-07
98	-7.44538e-08
99	-7.58e-08
100	-5.0709e-08
101	6.83019e-08
102	7.54484e-08
103	6.94049e-08
104	6.71801e-08
105	5.23095e-08
106	4.58977e-08
107	-7.17675e-08
108	-5.65255e-08
109	-3.70515e-08
110	-1.30201e-08
111	-1.59438e-08
112	4.39389e-08
113	3.58658e-08
114	2.95717e-08
115	2.71085e-08
116	-3.00066e-08
117	-2.79311e-08
118	-2.05709e-08
119	-1.81317e-08
120	-1.57439e-08
121	-1.41958e-08
122	2.39269e-08
123	2.28962e-08
124	-1.69201e-08
125	-1.66814e-08
126	-1.43323e-08
127	-1.42222e-08
128	-1.40714e-08
129	-1.065e-08
130	-1.01204e-08
131	-9.21549e-09
132	1.41264e-08
133	-1.00588e-08
134	-9.01309e-09
135	-8.04263e-09
136	-8.28536e-09
137	-9.14758e-09
138	-9.00904e-09
139	1.05246e-08
140	-8.94348e-09
141	-8.28275e-09
142	-5.9372e-09
143	-3.24137e-09
144	-5.90376e-09
145	-5.77696e-09
146	-4.89575e-09
147	7.13265e-09
148	7.5716e-09
149	-6.84526e-09
150	-5.69202e-09
151	-3.96516e-09
152	4.73403e-09
153	-4.86971e-09
154	-4.76543e-09
155	-4.28109e-09
156	-3.55051e-09
157	-3.30206e-09
158	4.12345e-09
159	4.91524e-09
160	5.03553e-09
161	-4.69821e-09
162	-3.66354e-09
163	3.24184e-09
164	4.09193e-09
165	4.1587e-09
166	-3.87115e-09
167	-3.22705e-09
168	-2.27578e-09
169	2.77424e-09
170	3.3773e-09
171	-3.06357e-09
172	-2.63575e-09
173	1.91188e-09
174	3.06704e-09
175	3.0941e-09
176	-2.72635e-09
177	-2.28273e-09
178	-1.62467e-09
179	1.90111e-09
180	2.50268e-09
181	-2.27658e-09
182	-1.99491e-09
183	-1.52212e-09
184	-1.24132e-09
185	1.77357e-09
186	2.15385e-09
187	-1.96309e-09
188	-1.66979e-09
189	-1.14216e-09
190	1.37783e-09
191	-1.39232e-09
192	-1.35435e-09
193	-1.22553e-09
194	-1.04298e-09
195	-9.89666e-10
196	1.28831e-09
197	-1.18401e-09
198	-1.07394e-09
199	-9.62896e-10
200	-9.34215e-10
201	-9.05581e-10
202	-8.94993e-10
203	-8.58533e-10
204	-8.2326e-10
205	-7.7104e-10
206	-7.2274e-10
207	-6.91545e-10
208	-6.75735e-10
209	-6.67427e-10
210	-6.59371e-10
211	-6.47695e-10
212	-6.51034e-10
213	-6.15108e-10
214	-5.96307e-10
215	-5.74783e-10
216	-5.51953e-10
217	-5.2855e-10
218	-5.05686e-10
219	-4.84935e-10
220	-4.67572e-10
221	-4.53981e-10
222	-4.43581e-10
223	5.61712e-10
224	6.71411e-10
225	-6.25298e-10
226	6.42633e-10
227	6.47686e-10
228	6.41193e-10
229	6.39046e-10
230	6.34478e-10
231	6.21216e-10
232	5.99878e-10
233	5.7606e-10
234	5.54739e-10
235	5.37301e-10
236	5.22294e-10
237	5.07655e-10
238	4.92378e-10
239	4.7685e-10
240	4.62057e-10
241	4.48546e-10
242	4.3609e-10
243	4.24069e-10
244	4.11979e-10
245	-5.66272e-10
246	1.9946e-10
247	4.41487e-10
248	4.20687e-10
249	3.39991e-10
250	4.19528e-10
251	4.5742e-10
252	4.14153e-10
253	3.37854e-10
254	3.78444e-10
255	-5.98833e-10
256	7.12707e-11
257	1.74025e-10
258	3.13439e-10
259	-5.47414e-10
260	4.67302e-11
261	1.22179e-10
262	2.43707e-10
263	3.72523e-10
264	-5.34206e-10
265	-7.98887e-12
266	7.793e-11
267	2.13197e-10
268	3.09417e-10
269	3.48271e-10
270	-2.31176e-10
271	1.57174e-10
272	2.35282e-10
273	-2.36682e-10
274	-1.24204e-10
275	6.10284e-11
276	-1.59054e-10
277	-1.00777e-10
278	-7.0601e-11
279	1.32159e-10
280	-1.81461e-10
281	-7.84511e-11
282	-4.99272e-11
283	-6.44301e-11
284	1.43525e-10
285	-1.22116e-10
286	-3.77452e-11
287	-1.91148e-11
288	-3.22927e-11
289	-7.79255e-11
290	-5.13499e-11
291	-8.41411e-11
292	-6.74419e-11
293	-5.71791e-11
294	-5.2432e-11
295	-4.70433e-11
296	-2.42798e-11
297	-5.89948e-11
298	-2.89156e-11
299	-5.31175e-11
300	-3.7124e-11
301	-3.69856e-11
302	-3.35579e-11
303	-3.07697e-11
304	-2.22712e-11
305	-2.46209e-11
306	-3.05846e-11
307	-2.08053e-11
308	-2.31916e-11
309	-2.42651e-11
310	2.41308e-11
311	-4.46885e-11
312	-3.37897e-11
313	-2.95782e-11
314	-5.58077e-11
315	1.92614e-11
316	-4.10271e-11
317	-3.76541e-11
318	-1.27803e-12
319	-4.20057e-11
320	-4.27527e-11
321	-4.56029e-11
322	2.20191e-11
323	-3.20346e-11
324	-2.72083e-11
325	2.51273e-11
326	-2.8155e-11
327	-2.37189e-12
328	2.47842e-11
329	-1.55405e-11
330	-2.05103e-11
331	1.5888e-11
332	9.21624e-12
333	3.30633e-11
334	-6.23904e-12
335	3.33571e-11
336	-2.10878e-12
337	2.40854e-11
338	2.53339e-11
339	4.44334e-11
340	-1.96438e-11
341	2.32062e-11
342	-6.04258e-12
343	1.58643e-11
344	-2.14947e-11
345	6.1431e-12
346	1.09236e-11
347	-3.11559e-11
348	-2.58754e-12
349	-1.86052e-12
350	-2.80135e-11
351	6.7118e-12
352	-3.13765e-11
353	1.03451e-11
354	2.53237e-11
355	-1.52681e-11
356	1.94014e-11
357	3.08622e-11
358	-2.28723e-11
359	1.31963e-11
360	1.50942e-11
361	1.93596e-11
362	3.32418e-11
363	3.5798e-11
364	1.92728e-11
365	3.30727e-11
366	2.7919e-11
367	-6.37837e-12
368	1.60647e-11
369	1.27164e-11
370	-3.50307e-11
371	-7.09821e-12
372	-6.21915e-12
373	-3.09608e-11
374	-9.81167e-12
375	-1.22898e-12
376	-3.89654e-12
377	1.07187e-11
378	1.96931e-11
379	1.89874e-11
380	2.52019e-11
381	2.65577e-11
382	2.13148e-11
383	2.44687e-11
384	2.40229e-11
385	1.19938e-11
386	2.08444e-11
387	2.24952e-11
388	2.33281e-11
389	3.01706e-11
390	3.2443e-11
391	2.13937e-11
392	2.98118e-11
393	9.88033e-12
394	1.67135e-11
395	-3.39383e-12
396	1.91589e-12
397	-1.31534e-11
398	-8.09232e-12
399	-6.71959e-12
400	-1.83566e-11
401	-1.60301e-11
402	-1.64469e-11
403	-8.64442e-12
404	-1.30655e-11
405	-1.50662e-11
406	-3.92982e-12
407	-6.61228e-12
408	-8.8129e-12
409	-9.13685e-12
410	-2.4474e-12
411	-9.60385e-12
412	5.33541e-12
413	-1.41668e-12
414	1.32814e-11
415	1.25844e-11
416	2.03621e-11
417	2.38218e-11
418	2.18993e-11
419	2.2997e-11
420	1.46601e-11
421	9.3183e-12
422	2.55309e-12
423	-8.7183e-12
424	-1.38995e-11
425	-7.77925e-12
426	-2.76626e-12
427	-1.90459e-11
428	-1.5586e-12
429	-7.27253e-12
430	8.8898e-12
431	1.60644e-12
432	7.74036e-12
433	1.42785e-11
434	2.83101e-12
435	1.63708e-11
436	1.01189e-12
437	-7.11625e-12
438	1.90971e-11
439	1.43148e-11
440	1.65272e-11
441	1.70658e-11
442	2.34208e-11
443	2.86958e-11
444	1.81644e-11
445	2.51498e-11
446	2.9702e-11
447	1.49706e-11
448	1.56166e-11
449	1.05023e-11
450	5.12353e-13
451	-5.65013e-12
452	-1.63092e-11
453	-2.326e-11
454	-2.86639e-11
455	-2.5907e-11
456	-2.47695e-11
457	-1.15533e-11
458	-1.37162e-11
459	3.9539e-12
460	3.81465e-12
461	1.31478e-11
462	2.56689e-11
463	2.28849e-11
464	1.451e-11
465	5.42987e-12
466	2.04031e-11
467	-1.66378e-12
468	8.06198e-12
469	-1.38524e-11
470	-2.61995e-12
471	-1.08029e-11
472	-4.85538e-12
473	6.95904e-12
474	-1.74807e-12
475	2.10887e-11
476	1.40219e-12
477	2.05217e-11
478	-9.29223e-13
479	4.64365e-12
480	-7.41542e-12
481	-1.67643e-11
482	-1.59677e-11
483	-3.135e-11
484	-1.93269e-11
485	-2.87868e-11
486	-1.01205e-11
487	-7.15208e-12
488	1.3236e-12
489	1.61625e-11
490	1.5255e-11
491	2.89841e-11
492	2.04932e-11
493	2.31726e-11
494	1.21629e-11
495	1.66449e-12
496	4.66171e-13
497	-1.75818e-11
498	-1.16595e-11
499	-2.33097e-11
500	-1.45063e-11
