1	0.000106156
2	0.000135943
3	0.000251643
4	0.000202622
5	0.000262009
6	0.000247672
7	0.000208918
8	0.000253425
9	0.000240612
10	0.000173414
11	0.00022282
12	0.000248678
13	0.00019261
14	0.000228093
15	0.000193149
16	0.000203122
17	0.000230043
18	0.000213273
19	0.000124776
20	0.000200013
21	0.000192871
22	0.000165211
23	0.000144638
24	0.000137004
25	0.000148562
26	0.000134028
27	0.000145964
28	0.000135792
29	0.000120337
30	0.000143683
31	9.17755e-05
32	0.000105369
33	0.000113586
34	9.68619e-05
35	7.52418e-05
36	6.45526e-05
37	5.60521e-05
38	6.92899e-05
39	5.45179e-05
40	5.30816e-05
41	3.78489e-05
42	3.63592e-05
43	4.32985e-05
44	3.36165e-05
45	3.97282e-05
46	3.16156e-05
47	2.97819e-05
48	2.90639e-05
49	2.78253e-05
50	2.54798e-05
51	2.47918e-05
52	2.1579e-05
53	1.55878e-05
54	1.82087e-05
55	1.92917e-05
56	1.3068e-05
57	1.3502e-05
58	1.30592e-05
59	1.21907e-05
60	1.38011e-05
61	1.15874e-05
62	1.1128e-05
63	1.12012e-05
64	9.27202e-06
65	1.01285e-05
66	4.64489e-06
67	6.8403e-06
68	7.23901e-06
69	6.40051e-06
70	6.18361e-06
71	5.94177e-06
72	5.37956e-06
73	5.44416e-06
74	4.38582e-06
75	3.65413e-06
76	3.57644e-06
77	3.83373e-06
78	3.25329e-06
79	3.32099e-06
80	2.20245e-06
81	2.27338e-06
82	2.36099e-06
83	2.32155e-06
84	1.72029e-06
85	1.30782e-06
86	1.41558e-06
87	1.51351e-06
88	1.23558e-06
89	9.36067e-07
90	1.1369e-06
91	8.14705e-07
92	7.53458e-07
93	8.15046e-07
94	7.93373e-07
95	5.94123e-07
96	6.05742e-07
97	5.72295e-07
98	4.17338e-07
99	4.11841e-07
100	4.38062e-07
101	3.6405e-07
102	2.81143e-07
103	2.52375e-07
104	2.39652e-07
105	2.30617e-07
106	2.46759e-07
107	2.3e-07
108	2.08292e-07
109	1.73739e-07
110	1.20545e-07
111	1.13502e-07
112	1.58716e-07
113	1.2482e-07
114	1.2009e-07
115	1.26085e-07
116	9.95131e-08
117	9.69715e-08
118	8.69711e-08
119	8.0925e-08
120	7.46338e-08
121	6.95532e-08
122	8.21074e-08
123	7.38168e-08
124	6.5214e-08
125	5.80815e-08
126	5.20787e-08
127	5.27061e-08
128	5.22661e-08
129	4.57238e-08
130	4.44365e-08
131	4.14144e-08
132	4.95859e-08
133	3.9511e-08
134	3.50929e-08
135	2.98016e-08
136	2.89729e-08
137	2.90878e-08
138	2.91801e-08
139	3.66935e-08
140	3.16728e-08
141	3.03271e-08
142	2.58092e-08
143	2.45217e-08
144	2.39722e-08
145	2.24575e-08
146	2.03981e-08
147	2.6451e-08
148	2.50721e-08
149	2.22978e-08
150	1.90203e-08
151	1.61306e-08
152	2.26067e-08
153	1.5817e-08
154	1.6323e-08
155	1.62632e-08
156	1.52851e-08
157	1.37894e-08
158	1.77919e-08
159	1.67721e-08
160	1.71438e-08
161	1.43509e-08
162	1.20159e-08
163	1.49836e-08
164	1.39924e-08
165	1.41105e-08
166	1.16619e-08
167	1.03017e-08
168	9.01997e-09
169	1.19355e-08
170	1.14192e-08
171	9.4799e-09
172	8.69534e-09
173	1.09099e-08
174	1.0075e-08
175	9.8578e-09
176	8.29839e-09
177	7.33674e-09
178	6.48038e-09
179	8.66416e-09
180	8.35377e-09
181	7.02961e-09
182	6.56804e-09
183	5.94247e-09
184	5.31742e-09
185	7.09829e-09
186	6.96129e-09
187	6.1014e-09
188	5.4224e-09
189	4.74401e-09
190	6.28117e-09
191	4.63554e-09
192	4.70972e-09
193	4.61945e-09
194	4.33731e-09
195	3.97414e-09
196	5.20658e-09
197	3.98383e-09
198	3.7499e-09
199	3.5153e-09
200	3.29541e-09
201	3.19223e-09
202	3.20854e-09
203	3.22585e-09
204	3.18688e-09
205	3.06378e-09
206	2.89023e-09
207	2.72376e-09
208	2.58795e-09
209	2.4805e-09
210	2.39164e-09
211	2.31417e-09
212	2.25895e-09
213	2.21593e-09
214	2.17849e-09
215	2.14041e-09
216	2.09072e-09
217	2.02271e-09
218	1.93879e-09
219	1.85394e-09
220	1.77143e-09
221	1.69382e-09
222	1.62301e-09
223	2.2638e-09
224	2.23505e-09
225	1.86177e-09
226	2.26514e-09
227	2.18293e-09
228	2.15532e-09
229	2.14947e-09
230	2.12919e-09
231	2.07316e-09
232	1.98799e-09
233	1.89833e-09
234	1.82551e-09
235	1.77247e-09
236	1.72978e-09
237	1.68625e-09
238	1.63721e-09
239	1.58518e-09
240	1.53496e-09
241	1.48901e-09
242	1.44755e-09
243	1.40797e-09
244	1.3685e-09
245	2.23042e-09
246	2.28397e-09
247	1.58806e-09
248	1.42378e-09
249	1.89951e-09
250	2.2184e-09
251	1.51214e-09
252	1.36559e-09
253	1.81212e-09
254	1.98469e-09
255	2.21702e-09
256	2.16971e-09
257	2.20309e-09
258	2.26738e-09
259	2.13153e-09
260	1.71357e-09
261	1.69957e-09
262	1.93271e-09
263	2.20171e-09
264	2.02627e-09
265	2.28444e-09
266	1.8495e-09
267	1.86259e-09
268	1.85037e-09
269	1.77781e-09
270	2.25795e-09
271	1.93156e-09
272	1.87032e-09
273	2.15827e-09
274	2.18269e-09
275	1.82875e-09
276	2.0995e-09
277	2.08967e-09
278	2.2486e-09
279	1.92108e-09
280	1.93643e-09
281	1.79707e-09
282	1.87987e-09
283	2.09356e-09
284	1.79464e-09
285	1.72202e-09
286	1.56859e-09
287	1.65661e-09
288	1.8992e-09
289	2.20344e-09
290	2.26316e-09
291	1.97809e-09
292	1.60484e-09
293	1.43553e-09
294	1.40487e-09
295	1.44e-09
296	1.59502e-09
297	1.77266e-09
298	1.76217e-09
299	1.59255e-09
300	1.35615e-09
301	1.25009e-09
302	1.22714e-09
303	1.23924e-09
304	1.28732e-09
305	1.34883e-09
306	1.30903e-09
307	1.15599e-09
308	1.01247e-09
309	9.59805e-10
310	2.19054e-09
311	1.29164e-09
312	1.39831e-09
313	1.427e-09
314	1.20915e-09
315	2.21751e-09
316	9.96526e-10
317	9.80495e-10
318	2.15174e-09
319	1.41625e-09
320	1.50656e-09
321	1.35199e-09
322	2.28276e-09
323	1.19244e-09
324	1.07996e-09
325	2.07885e-09
326	1.30754e-09
327	1.32939e-09
328	2.03895e-09
329	1.44517e-09
330	1.18636e-09
331	1.9694e-09
332	1.07727e-09
333	2.20374e-09
334	1.21139e-09
335	2.02872e-09
336	1.29642e-09
337	2.1017e-09
338	1.44481e-09
339	2.10848e-09
340	1.16052e-09
341	1.93519e-09
342	1.02399e-09
343	1.9576e-09
344	1.06497e-09
345	1.81772e-09
346	2.13911e-09
347	1.38379e-09
348	1.98208e-09
349	2.16572e-09
350	1.40759e-09
351	1.98349e-09
352	1.2712e-09
353	1.86276e-09
354	2.25908e-09
355	1.18501e-09
356	1.96966e-09
357	2.15952e-09
358	1.32819e-09
359	1.88713e-09
360	2.18773e-09
361	1.38169e-09
362	1.93355e-09
363	2.21904e-09
364	1.46741e-09
365	1.91453e-09
366	2.23065e-09
367	1.37246e-09
368	1.92571e-09
369	2.19156e-09
370	1.34326e-09
371	1.88965e-09
372	2.2307e-09
373	1.3677e-09
374	1.88335e-09
375	2.10588e-09
376	1.17368e-09
377	1.83034e-09
378	2.24459e-09
379	1.4863e-09
380	1.91443e-09
381	2.1925e-09
382	1.21242e-09
383	1.82259e-09
384	2.20788e-09
385	1.36483e-09
386	1.96377e-09
387	2.26087e-09
388	1.2917e-09
389	1.84106e-09
390	2.1885e-09
391	1.26214e-09
392	1.99339e-09
393	1.12148e-09
394	1.77719e-09
395	1.0377e-09
396	1.81837e-09
397	1.08142e-09
398	1.75756e-09
399	2.25228e-09
400	1.34299e-09
401	1.79262e-09
402	2.01479e-09
403	1.28026e-09
404	1.79898e-09
405	2.24088e-09
406	1.41317e-09
407	1.93014e-09
408	2.28397e-09
409	1.3442e-09
410	1.90754e-09
411	1.11303e-09
412	1.8435e-09
413	1.22221e-09
414	1.94657e-09
415	1.17937e-09
416	1.7626e-09
417	1.09951e-09
418	1.81137e-09
419	1.21657e-09
420	1.83564e-09
421	1.16813e-09
422	1.74255e-09
423	2.26324e-09
424	1.39739e-09
425	1.885e-09
426	2.20328e-09
427	1.40533e-09
428	1.90023e-09
429	1.12446e-09
430	1.76881e-09
431	1.14155e-09
432	1.86124e-09
433	1.23433e-09
434	1.82089e-09
435	1.18587e-09
436	1.75822e-09
437	2.23913e-09
438	1.37833e-09
439	1.79952e-09
440	2.08704e-09
441	1.30423e-09
442	1.82732e-09
443	2.22571e-09
444	1.45612e-09
445	1.87639e-09
446	2.18232e-09
447	1.3093e-09
448	1.77718e-09
449	2.18021e-09
450	1.40407e-09
451	1.9262e-09
452	1.25684e-09
453	1.85233e-09
454	1.17344e-09
455	1.82172e-09
456	1.11817e-09
457	1.7697e-09
458	1.21083e-09
459	1.86977e-09
460	1.26811e-09
461	1.81443e-09
462	2.27585e-09
463	1.4292e-09
464	1.82546e-09
465	2.18342e-09
466	1.37796e-09
467	1.96604e-09
468	1.22905e-09
469	1.95659e-09
470	1.2436e-09
471	1.92926e-09
472	1.17771e-09
473	1.89148e-09
474	1.22403e-09
475	2.01537e-09
476	1.30343e-09
477	1.99249e-09
478	1.18485e-09
479	1.87363e-09
480	1.1314e-09
481	1.91421e-09
482	1.25178e-09
483	2.01138e-09
484	1.3025e-09
485	1.94491e-09
486	1.1477e-09
487	1.83144e-09
488	1.11619e-09
489	1.88692e-09
490	1.24661e-09
491	1.96679e-09
492	1.25231e-09
493	1.87865e-09
494	1.09103e-09
495	1.74393e-09
496	1.09096e-09
497	1.83989e-09
498	1.21131e-09
499	1.87244e-09
500	1.16524e-09
