1	3.65262e-05
2	2.66538e-06
3	-7.91155e-05
4	-1.8186e-05
5	7.7779e-05
6	0.000163902
7	0.000225493
8	0.000158668
9	7.8124e-05
10	2.91742e-05
11	6.17581e-06
12	7.06742e-05
13	0.000101697
14	4.16162e-05
15	-5.74621e-06
16	3.33677e-05
17	-4.93754e-05
18	1.00016e-05
19	4.10368e-05
20	4.80793e-06
21	6.48375e-05
22	1.53919e-05
23	-3.85212e-05
24	-8.67313e-05
25	-5.82197e-05
26	-2.24906e-05
27	3.15222e-05
28	8.46871e-05
29	0.000116743
30	0.000148268
31	0.000123613
32	9.10982e-05
33	6.32854e-05
34	8.46145e-05
35	0.000103103
36	0.000123566
37	0.000136471
38	0.000153688
39	0.000140817
40	0.000126562
41	0.000119959
42	0.0001128
43	0.000103534
44	9.64808e-05
45	0.000105023
46	0.000112169
47	0.000120954
48	0.00012758
49	0.000135192
50	0.000129962
51	0.000134585
52	0.0001278
53	0.000122169
54	0.000117918
55	0.000123033
56	0.000125905
57	0.000129197
58	0.00013157
59	0.000129046
60	0.000125522
61	0.000122749
62	0.000120179
63	0.000122787
64	0.000125158
65	0.000127227
66	0.000126606
67	0.000124938
68	0.000122948
69	0.000121353
70	0.000120173
71	0.000119281
72	0.000118271
73	0.000117061
74	0.000116022
75	0.000115048
76	0.000114011
77	0.000112982
78	0.000113621
79	0.000114319
80	0.000114794
81	0.000115416
82	0.000115888
83	0.000115448
84	0.00011509
85	0.000114796
86	0.000114421
87	0.000114678
88	0.000114948
89	0.000115169
90	0.000115458
91	0.000115683
92	0.000115685
93	0.000115857
94	0.000115629
95	0.000115437
96	0.000115531
97	0.000115362
98	0.000115288
99	0.000115212
100	0.000115162
101	0.00011523
102	0.000115305
103	0.000115375
104	0.000115442
105	0.000115494
106	0.00011554
107	0.000115468
108	0.000115412
109	0.000115375
110	0.000115362
111	0.000115346
112	0.00011539
113	0.000115426
114	0.000115455
115	0.000115482
116	0.000115452
117	0.000115424
118	0.000115404
119	0.000115386
120	0.00011537
121	0.000115356
122	0.00011538
123	0.000115402
124	0.000115386
125	0.000115369
126	0.000115355
127	0.00011534
128	0.000115326
129	0.000115316
130	0.000115305
131	0.000115296
132	0.00011531
133	0.0001153
134	0.000115291
135	0.000115283
136	0.000115275
137	0.000115266
138	0.000115257
139	0.000115267
140	0.000115258
141	0.00011525
142	0.000115244
143	0.000115241
144	0.000115235
145	0.000115229
146	0.000115224
147	0.000115232
148	0.000115239
149	0.000115232
150	0.000115227
151	0.000115223
152	0.000115227
153	0.000115222
154	0.000115218
155	0.000115213
156	0.00011521
157	0.000115207
158	0.000115211
159	0.000115216
160	0.000115221
161	0.000115216
162	0.000115212
163	0.000115215
164	0.00011522
165	0.000115224
166	0.00011522
167	0.000115217
168	0.000115214
169	0.000115217
170	0.000115221
171	0.000115217
172	0.000115215
173	0.000115217
174	0.00011522
175	0.000115223
176	0.00011522
177	0.000115218
178	0.000115216
179	0.000115218
180	0.000115221
181	0.000115218
182	0.000115216
183	0.000115215
184	0.000115214
185	0.000115215
186	0.000115218
187	0.000115216
188	0.000115214
189	0.000115213
190	0.000115214
191	0.000115213
192	0.000115211
193	0.00011521
194	0.000115209
195	0.000115208
196	0.000115209
197	0.000115208
198	0.000115207
199	0.000115206
200	0.000115205
201	0.000115204
202	0.000115203
203	0.000115203
204	0.000115202
205	0.000115201
206	0.0001152
207	0.0001152
208	0.000115199
209	0.000115198
210	0.000115198
211	0.000115197
212	0.000115196
213	0.000115196
214	0.000115195
215	0.000115195
216	0.000115194
217	0.000115193
218	0.000115193
219	0.000115192
220	0.000115192
221	0.000115192
222	0.000115191
223	0.000115192
224	0.000115192
225	0.000115192
226	0.000115192
227	0.000115193
228	0.000115194
229	0.000115194
230	0.000115195
231	0.000115196
232	0.000115196
233	0.000115197
234	0.000115197
235	0.000115198
236	0.000115198
237	0.000115199
238	0.000115199
239	0.0001152
240	0.0001152
241	0.000115201
242	0.000115201
243	0.000115202
244	0.000115202
245	0.000115201
246	0.000115202
247	0.000115202
248	0.000115202
249	0.000115203
250	0.000115203
251	0.000115204
252	0.000115204
253	0.000115204
254	0.000115205
255	0.000115204
256	0.000115204
257	0.000115204
258	0.000115205
259	0.000115204
260	0.000115204
261	0.000115204
262	0.000115205
263	0.000115205
264	0.000115204
265	0.000115204
266	0.000115205
267	0.000115205
268	0.000115205
269	0.000115205
270	0.000115205
271	0.000115205
272	0.000115206
273	0.000115205
274	0.000115205
275	0.000115205
276	0.000115205
277	0.000115205
278	0.000115205
279	0.000115205
280	0.000115205
281	0.000115205
282	0.000115205
283	0.000115205
284	0.000115205
285	0.000115205
286	0.000115205
287	0.000115205
288	0.000115205
289	0.000115205
290	0.000115205
291	0.000115204
292	0.000115204
293	0.000115204
294	0.000115204
295	0.000115204
296	0.000115204
297	0.000115204
298	0.000115204
299	0.000115204
300	0.000115204
301	0.000115204
302	0.000115204
303	0.000115204
304	0.000115204
305	0.000115204
306	0.000115204
307	0.000115204
308	0.000115204
309	0.000115204
310	0.000115204
311	0.000115204
312	0.000115204
313	0.000115204
314	0.000115204
315	0.000115204
316	0.000115204
317	0.000115204
318	0.000115204
319	0.000115204
320	0.000115203
321	0.000115203
322	0.000115203
323	0.000115203
324	0.000115203
325	0.000115203
326	0.000115203
327	0.000115203
328	0.000115203
329	0.000115203
330	0.000115203
331	0.000115203
332	0.000115203
333	0.000115203
334	0.000115203
335	0.000115203
336	0.000115203
337	0.000115203
338	0.000115204
339	0.000115204
340	0.000115204
341	0.000115204
342	0.000115204
343	0.000115204
344	0.000115204
345	0.000115204
346	0.000115204
347	0.000115204
348	0.000115204
349	0.000115204
350	0.000115204
351	0.000115204
352	0.000115203
353	0.000115203
354	0.000115204
355	0.000115203
356	0.000115204
357	0.000115204
358	0.000115204
359	0.000115204
360	0.000115204
361	0.000115204
362	0.000115204
363	0.000115204
364	0.000115204
365	0.000115204
366	0.000115204
367	0.000115204
368	0.000115204
369	0.000115204
370	0.000115204
371	0.000115204
372	0.000115204
373	0.000115204
374	0.000115204
375	0.000115204
376	0.000115204
377	0.000115204
378	0.000115204
379	0.000115204
380	0.000115204
381	0.000115204
382	0.000115204
383	0.000115204
384	0.000115204
385	0.000115204
386	0.000115204
387	0.000115204
388	0.000115204
389	0.000115204
390	0.000115204
391	0.000115204
392	0.000115204
393	0.000115204
394	0.000115204
395	0.000115204
396	0.000115204
397	0.000115204
398	0.000115204
399	0.000115204
400	0.000115204
401	0.000115204
402	0.000115204
403	0.000115204
404	0.000115204
405	0.000115204
406	0.000115204
407	0.000115204
408	0.000115204
409	0.000115204
410	0.000115204
411	0.000115204
412	0.000115204
413	0.000115204
414	0.000115204
415	0.000115204
416	0.000115204
417	0.000115204
418	0.000115204
419	0.000115204
420	0.000115204
421	0.000115204
422	0.000115204
423	0.000115204
424	0.000115204
425	0.000115204
426	0.000115204
427	0.000115204
428	0.000115204
429	0.000115204
430	0.000115204
431	0.000115204
432	0.000115204
433	0.000115204
434	0.000115204
435	0.000115204
436	0.000115204
437	0.000115204
438	0.000115204
439	0.000115204
440	0.000115204
441	0.000115204
442	0.000115204
443	0.000115204
444	0.000115204
445	0.000115204
446	0.000115204
447	0.000115204
448	0.000115204
449	0.000115204
450	0.000115204
451	0.000115204
452	0.000115204
453	0.000115204
454	0.000115204
455	0.000115204
456	0.000115204
457	0.000115204
458	0.000115204
459	0.000115204
460	0.000115204
461	0.000115204
462	0.000115204
463	0.000115204
464	0.000115204
465	0.000115204
466	0.000115204
467	0.000115204
468	0.000115204
469	0.000115204
470	0.000115204
471	0.000115204
472	0.000115204
473	0.000115204
474	0.000115204
475	0.000115204
476	0.000115204
477	0.000115204
478	0.000115204
479	0.000115204
480	0.000115204
481	0.000115204
482	0.000115204
483	0.000115204
484	0.000115204
485	0.000115204
486	0.000115204
487	0.000115204
488	0.000115204
489	0.000115204
490	0.000115204
491	0.000115204
492	0.000115204
493	0.000115204
494	0.000115204
495	0.000115204
496	0.000115204
497	0.000115204
498	0.000115204
499	0.000115204
500	0.000115204
