1	0.14
2	0.16
3	0.19
4	0.22
5	0.24
6	0.27
7	0.3
8	0.33
9	0.35
10	0.38
11	0.4
12	0.43
13	0.45
14	0.48
15	0.5
16	0.52
17	0.55
18	0.57
19	0.59
20	0.61
21	0.63
22	0.65
23	0.67
24	0.69
25	0.7
26	0.72
27	0.74
28	0.76
29	0.78
30	0.79
31	0.81
32	0.83
33	0.85
34	0.86
35	0.88
36	0.9
37	0.92
38	0.93
39	0.95
40	0.97
41	0.99
42	1
43	1.02
44	1.04
45	1.06
46	1.08
47	1.1
48	1.11
49	1.13
50	1.19
51	1.21
52	1.23
53	1.24
54	1.26
55	1.28
56	1.29
57	1.31
58	1.32
59	1.34
60	1.36
61	1.37
62	1.39
63	1.41
64	1.43
65	1.45
66	1.46
67	1.48
68	1.5
69	1.52
70	1.54
71	1.56
72	1.58
73	1.6
74	1.61
75	1.63
76	1.65
77	1.67
78	1.69
79	1.7
80	1.72
81	1.74
82	1.76
83	1.78
84	1.8
85	1.82
86	1.84
87	1.86
88	1.88
89	1.9
90	1.92
91	1.93
92	1.95
93	1.97
94	1.99
95	2
96	2.02
97	2.04
98	2.06
99	2.08
100	2.13
101	2.15
102	2.17
103	2.19
104	2.21
105	2.22
106	2.24
107	2.25
108	2.27
109	2.29
110	2.31
111	2.33
112	2.35
113	2.37
114	2.38
115	2.4
116	2.42
117	2.44
118	2.45
119	2.47
120	2.49
121	2.5
122	2.52
123	2.54
124	2.56
125	2.57
126	2.59
127	2.6
128	2.62
129	2.64
130	2.66
131	2.68
132	2.69
133	2.71
134	2.73
135	2.74
136	2.76
137	2.78
138	2.8
139	2.81
140	2.83
141	2.86
142	2.88
143	2.9
144	2.91
145	2.93
146	2.95
147	2.97
148	2.98
149	3
150	3.06
151	3.07
152	3.09
153	3.11
154	3.13
155	3.15
156	3.17
157	3.19
158	3.21
159	3.22
160	3.24
161	3.25
162	3.28
163	3.29
164	3.31
165	3.33
166	3.34
167	3.36
168	3.38
169	3.4
170	3.42
171	3.43
172	3.45
173	3.47
174	3.49
175	3.5
176	3.52
177	3.53
178	3.55
179	3.57
180	3.59
181	3.6
182	3.62
183	3.64
184	3.66
185	3.67
186	3.7
187	3.71
188	3.73
189	3.75
190	3.76
191	3.78
192	3.8
193	3.81
194	3.84
195	3.85
196	3.87
197	3.89
198	3.9
199	3.92
200	3.98
201	4
202	4.02
203	4.04
204	4.05
205	4.07
206	4.09
207	4.11
208	4.13
209	4.15
210	4.16
211	4.18
212	4.2
213	4.21
214	4.23
215	4.25
216	4.27
217	4.29
218	4.31
219	4.32
220	4.35
221	4.36
222	4.38
223	4.4
224	4.41
225	4.43
226	4.44
227	4.47
228	4.48
229	4.5
230	4.51
231	4.53
232	4.54
233	4.56
234	4.58
235	4.59
236	4.61
237	4.63
238	4.64
239	4.66
240	4.68
241	4.69
242	4.71
243	4.73
244	4.74
245	4.76
246	4.77
247	4.79
248	4.82
249	4.83
250	4.88
251	4.89
252	4.91
253	4.93
254	4.94
255	4.96
256	4.97
257	4.99
258	5
259	5.02
260	5.03
261	5.05
262	5.06
263	5.07
264	5.09
265	5.1
266	5.12
267	5.13
268	5.15
269	5.16
270	5.18
271	5.19
272	5.21
273	5.22
274	5.23
275	5.25
276	5.26
277	5.28
278	5.29
279	5.31
280	5.33
281	5.34
282	5.36
283	5.37
284	5.38
285	5.4
286	5.41
287	5.42
288	5.44
289	5.45
290	5.46
291	5.48
292	5.49
293	5.51
294	5.52
295	5.54
296	5.55
297	5.56
298	5.58
299	5.59
300	5.64
301	5.66
302	5.67
303	5.69
304	5.7
305	5.71
306	5.73
307	5.74
308	5.76
309	5.77
310	5.79
311	5.8
312	5.82
313	5.83
314	5.84
315	5.85
316	5.87
317	5.88
318	5.9
319	5.91
320	5.93
321	5.94
322	5.96
323	5.97
324	5.99
325	6
326	6.01
327	6.03
328	6.04
329	6.05
330	6.07
331	6.08
332	6.09
333	6.1
334	6.12
335	6.13
336	6.14
337	6.16
338	6.17
339	6.19
340	6.2
341	6.21
342	6.23
343	6.24
344	6.26
345	6.27
346	6.28
347	6.29
348	6.31
349	6.32
350	6.42
351	6.44
352	6.46
353	6.48
354	6.5
355	6.51
356	6.53
357	6.55
358	6.57
359	6.59
360	6.6
361	6.62
362	6.64
363	6.67
364	6.68
365	6.7
366	6.73
367	6.74
368	6.76
369	6.78
370	6.8
371	6.82
372	6.84
373	6.86
374	6.87
375	6.89
376	6.91
377	6.92
378	6.94
379	6.96
380	6.98
381	7.01
382	7.02
383	7.03
384	7.05
385	7.07
386	7.08
387	7.1
388	7.12
389	7.13
390	7.15
391	7.16
392	7.18
393	7.19
394	7.2
395	7.22
396	7.23
397	7.24
398	7.26
399	7.27
400	7.33
401	7.35
402	7.36
403	7.38
404	7.39
405	7.4
406	7.42
407	7.43
408	7.45
409	7.46
410	7.47
411	7.48
412	7.5
413	7.51
414	7.52
415	7.54
416	7.56
417	7.56
418	7.58
419	7.6
420	7.61
421	7.62
422	7.64
423	7.65
424	7.66
425	7.68
426	7.69
427	7.7
428	7.71
429	7.73
430	7.74
431	7.75
432	7.77
433	7.78
434	7.79
435	7.81
436	7.82
437	7.83
438	7.84
439	7.86
440	7.87
441	7.88
442	7.89
443	7.91
444	7.92
445	7.93
446	7.95
447	7.96
448	7.98
449	7.99
450	8.04
451	8.05
452	8.07
453	8.08
454	8.1
455	8.11
456	8.12
457	8.14
458	8.15
459	8.16
460	8.18
461	8.19
462	8.21
463	8.22
464	8.23
465	8.25
466	8.26
467	8.27
468	8.28
469	8.31
470	8.32
471	8.33
472	8.35
473	8.36
474	8.37
475	8.38
476	8.4
477	8.41
478	8.43
479	8.44
480	8.45
481	8.47
482	8.48
483	8.49
484	8.51
485	8.52
486	8.53
487	8.55
488	8.56
489	8.58
490	8.59
491	8.6
492	8.62
493	8.63
494	8.65
495	8.66
496	8.68
497	8.69
498	8.7
499	8.71
500	8.76
