1	0.01527
2	0.0030599
3	0.00290059
4	0.00284187
5	0.00272964
6	0.000514836
7	0.000509968
8	0.000489186
9	0.000488107
10	0.000503189
11	0.000503609
12	0.000505189
13	0.000522848
14	0.000540323
15	0.000550372
16	0.000544849
17	0.000543831
18	0.000542099
19	0.000550977
20	0.000562094
21	0.000571096
22	0.000574634
23	0.000572608
24	0.000569325
25	0.000564639
26	0.000561255
27	0.000557611
28	0.000554316
29	0.000548474
30	0.000542835
31	0.000534199
32	0.000523051
33	0.000509386
34	0.000495885
35	0.000483007
36	0.000469002
37	0.000456213
38	0.000440924
39	0.000427199
40	0.000412451
41	0.000397253
42	0.000384698
43	0.000371377
44	0.000360187
45	0.000349398
46	0.000338384
47	0.000328026
48	0.000320378
49	0.000311901
50	0.000303891
51	0.000296335
52	0.000290573
53	0.000283327
54	0.000276251
55	0.00026884
56	0.000262854
57	0.000255621
58	0.000248041
59	0.000240083
60	0.000233473
61	0.000227041
62	0.000219579
63	0.000212417
64	0.00020523
65	0.000199085
66	0.000192966
67	0.000186908
68	0.000180568
69	0.000174666
70	0.000169313
71	0.000163758
72	0.000157865
73	0.000152587
74	0.000148014
75	0.000143527
76	0.000139065
77	0.000134275
78	0.000129925
79	0.000125961
80	0.000122747
81	0.000119255
82	0.000115573
83	0.000112203
84	0.000108734
85	0.000106081
86	0.000103192
87	0.000100313
88	9.72673e-05
89	9.40753e-05
90	9.09292e-05
91	8.7759e-05
92	8.51695e-05
93	8.24194e-05
94	7.95479e-05
95	7.64548e-05
96	7.31506e-05
97	6.96812e-05
98	6.60907e-05
99	6.24023e-05
100	5.87e-05
101	5.50189e-05
102	5.13048e-05
103	4.75868e-05
104	4.39061e-05
105	4.02932e-05
106	3.67623e-05
107	3.34101e-05
108	3.02479e-05
109	2.72502e-05
110	2.4411e-05
111	2.17534e-05
112	1.92901e-05
113	1.70359e-05
114	1.50617e-05
115	1.33024e-05
116	1.16931e-05
117	1.02344e-05
118	8.92158e-06
119	7.77664e-06
120	6.83321e-06
121	6.1365e-06
122	5.53658e-06
123	4.99963e-06
124	4.4973e-06
125	4.03649e-06
126	3.62494e-06
127	3.2441e-06
128	2.90205e-06
129	2.6035e-06
130	2.33363e-06
131	2.09569e-06
132	1.89383e-06
133	1.71436e-06
134	1.56078e-06
135	1.43405e-06
136	1.31758e-06
137	1.22093e-06
138	1.13686e-06
139	1.06926e-06
140	1.002e-06
141	9.43129e-07
142	8.99584e-07
143	8.5372e-07
144	8.11756e-07
145	7.73152e-07
146	7.37689e-07
147	7.05993e-07
148	6.76262e-07
149	6.48712e-07
150	6.22673e-07
151	5.98956e-07
152	5.77311e-07
153	5.5658e-07
154	5.36652e-07
155	5.18275e-07
156	5.01035e-07
157	4.84445e-07
158	4.68747e-07
159	4.5403e-07
160	4.40371e-07
161	4.27237e-07
162	4.14486e-07
163	4.02179e-07
164	3.90086e-07
165	3.78472e-07
166	3.67356e-07
167	3.56526e-07
168	3.46006e-07
169	3.35782e-07
170	3.25988e-07
171	3.16748e-07
172	3.07624e-07
173	2.98672e-07
174	2.89892e-07
175	2.8126e-07
176	2.72766e-07
177	2.64425e-07
178	2.56255e-07
179	2.48264e-07
180	2.40463e-07
181	2.32811e-07
182	2.25318e-07
183	2.1802e-07
184	2.10934e-07
185	2.04063e-07
186	1.97389e-07
187	1.90884e-07
188	1.84553e-07
189	1.78421e-07
190	1.72499e-07
191	1.66773e-07
192	1.61376e-07
193	1.56168e-07
194	1.51149e-07
195	1.46388e-07
196	1.41695e-07
197	1.37164e-07
198	1.32782e-07
199	1.28531e-07
200	1.24417e-07
201	1.20435e-07
202	1.16578e-07
203	1.12856e-07
204	1.09297e-07
205	1.05866e-07
206	1.02558e-07
207	9.93633e-08
208	9.62774e-08
209	9.32946e-08
210	9.04106e-08
211	8.76218e-08
212	8.49248e-08
213	8.23157e-08
214	7.97914e-08
215	7.73494e-08
216	7.49866e-08
217	7.27019e-08
218	7.04934e-08
219	6.83542e-08
220	6.62818e-08
221	6.42735e-08
222	6.23271e-08
223	6.04425e-08
224	5.86159e-08
225	5.68399e-08
226	5.51491e-08
227	5.35129e-08
228	5.19234e-08
229	5.03789e-08
230	4.88776e-08
231	4.74216e-08
232	4.60075e-08
233	4.46343e-08
234	4.33012e-08
235	4.20072e-08
236	4.0751e-08
237	3.95315e-08
238	3.83473e-08
239	3.71973e-08
240	3.60803e-08
241	3.49955e-08
242	3.39418e-08
243	3.29185e-08
244	3.19248e-08
245	3.09599e-08
246	3.00272e-08
247	2.91185e-08
248	2.82333e-08
249	2.73773e-08
250	2.65525e-08
251	2.57509e-08
252	2.49728e-08
253	2.42261e-08
254	2.35105e-08
255	2.28243e-08
256	2.21683e-08
257	2.15469e-08
258	2.09575e-08
259	2.03638e-08
260	1.97567e-08
261	1.91603e-08
262	1.85797e-08
263	1.80188e-08
264	1.74673e-08
265	1.6936e-08
266	1.64245e-08
267	1.59339e-08
268	1.54574e-08
269	1.49972e-08
270	1.45517e-08
271	1.41172e-08
272	1.36966e-08
273	1.32894e-08
274	1.28967e-08
275	1.25127e-08
276	1.21428e-08
277	1.17814e-08
278	1.14299e-08
279	1.1087e-08
280	1.07548e-08
281	1.04298e-08
282	1.01141e-08
283	9.80821e-09
284	9.51094e-09
285	9.32685e-09
286	9.02868e-09
287	8.73991e-09
288	8.46124e-09
289	8.19119e-09
290	7.92828e-09
291	7.6721e-09
292	7.42444e-09
293	7.18571e-09
294	6.95566e-09
295	6.73316e-09
296	6.51716e-09
297	6.30718e-09
298	6.10306e-09
299	5.90586e-09
300	5.71596e-09
301	5.53386e-09
302	5.35839e-09
303	5.1885e-09
304	5.02372e-09
305	4.86391e-09
306	4.70916e-09
307	4.56009e-09
308	4.4169e-09
309	4.27932e-09
310	4.14854e-09
311	4.02159e-09
312	3.89557e-09
313	3.77128e-09
314	3.69284e-09
315	3.61356e-09
316	3.49349e-09
317	3.37821e-09
318	3.26936e-09
319	3.16475e-09
320	3.06255e-09
321	2.96266e-09
322	2.90224e-09
323	2.80854e-09
324	2.71802e-09
325	2.63257e-09
326	2.5502e-09
327	2.47023e-09
328	2.39379e-09
329	2.3186e-09
330	2.26977e-09
331	2.21976e-09
332	2.1445e-09
333	2.07485e-09
334	2.00673e-09
335	1.9425e-09
336	9.86246e-09
337	9.74076e-09
338	9.60865e-09
339	9.59323e-09
340	9.42108e-09
341	9.36482e-09
342	9.16205e-09
343	8.9731e-09
344	8.76495e-09
345	8.5772e-09
346	8.38683e-09
347	8.1922e-09
348	8.00443e-09
349	7.81601e-09
350	7.61742e-09
351	7.50613e-09
352	7.29002e-09
353	7.16497e-09
354	7.03535e-09
355	6.80874e-09
356	6.60913e-09
357	6.41516e-09
358	6.20935e-09
359	6.09023e-09
360	5.90905e-09
361	5.72814e-09
362	5.61942e-09
363	5.45193e-09
364	5.27497e-09
365	5.11596e-09
366	4.94873e-09
367	4.7705e-09
368	4.66535e-09
369	4.51735e-09
370	4.3635e-09
371	4.27701e-09
372	4.13644e-09
373	4.00312e-09
374	3.87419e-09
375	3.75958e-09
376	3.65617e-09
377	3.55844e-09
378	3.47334e-09
379	3.37382e-09
380	3.28551e-09
381	3.19221e-09
382	3.08508e-09
383	3.00067e-09
384	2.92196e-09
385	2.8457e-09
386	2.77143e-09
387	2.70674e-09
388	2.64132e-09
389	2.56717e-09
390	2.4993e-09
391	2.43618e-09
392	2.38215e-09
393	2.31867e-09
394	2.27266e-09
395	2.20944e-09
396	2.16097e-09
397	2.10107e-09
398	2.05576e-09
399	2.01933e-09
400	1.98046e-09
401	1.9326e-09
402	1.88948e-09
403	1.84776e-09
404	1.79319e-09
405	1.74983e-09
406	1.6968e-09
407	1.6634e-09
408	1.63064e-09
409	1.57915e-09
410	1.54468e-09
411	1.48913e-09
412	1.45603e-09
413	9.90716e-09
414	1.50588e-09
415	1.45038e-09
416	9.77185e-09
417	1.47234e-09
418	9.89765e-09
419	1.47553e-09
420	9.93629e-09
421	1.47645e-09
422	9.91858e-09
423	1.5005e-09
424	9.88793e-09
425	1.50395e-09
426	1.43509e-09
427	9.42961e-09
428	1.43221e-09
429	9.38e-09
430	9.96928e-09
431	1.44317e-09
432	9.53581e-09
433	9.96544e-09
434	1.42163e-09
435	9.44542e-09
436	9.90932e-09
437	1.40813e-09
438	9.40685e-09
439	9.77262e-09
440	1.38731e-09
441	9.26475e-09
442	9.77635e-09
443	1.39828e-09
444	9.33139e-09
445	9.81758e-09
446	1.40825e-09
447	9.24098e-09
448	9.64362e-09
449	1.37678e-09
450	8.97916e-09
451	9.28599e-09
452	9.62849e-09
453	9.99251e-09
454	1.39083e-09
455	9.21458e-09
456	9.4459e-09
457	9.7871e-09
458	1.35505e-09
459	8.99575e-09
460	9.23487e-09
461	9.57797e-09
462	1.33119e-09
463	8.736e-09
464	8.95575e-09
465	9.2894e-09
466	9.51207e-09
467	9.71052e-09
468	9.94158e-09
469	1.37932e-09
470	8.92028e-09
471	9.20343e-09
472	9.41046e-09
473	9.63421e-09
474	9.79731e-09
475	9.96141e-09
476	1.36979e-09
477	8.81403e-09
478	8.96167e-09
479	9.21111e-09
480	9.38041e-09
481	9.55191e-09
482	9.71646e-09
483	9.83499e-09
484	9.95099e-09
485	1.38477e-09
486	8.77971e-09
487	8.95868e-09
488	9.10483e-09
489	9.27987e-09
490	9.39776e-09
491	9.51292e-09
492	9.57784e-09
493	9.67002e-09
494	9.72248e-09
495	9.77166e-09
496	9.84346e-09
497	9.87031e-09
498	9.9344e-09
499	9.98683e-09
500	1.406e-09
