1	1
2	0.0526417
3	0.034595
4	0.030144
5	0.0291734
6	0.0263331
7	0.0253338
8	0.0231418
9	0.0214558
10	0.0220193
11	0.0216342
12	0.0208555
13	0.0202548
14	0.0203684
15	0.0208055
16	0.0208001
17	0.0202901
18	0.0196101
19	0.0191947
20	0.0190329
21	0.018834
22	0.0183947
23	0.0176746
24	0.0170906
25	0.0164412
26	0.0160783
27	0.0156599
28	0.0152667
29	0.0147373
30	0.0142185
31	0.0137493
32	0.0132692
33	0.01289
34	0.0124475
35	0.0121048
36	0.0116721
37	0.0112101
38	0.0107734
39	0.0103541
40	0.00995806
41	0.00956283
42	0.00918225
43	0.0088165
44	0.0084657
45	0.00812931
46	0.00783367
47	0.00754782
48	0.00727167
49	0.00703704
50	0.00681824
51	0.00659338
52	0.00638627
53	0.00615077
54	0.00593736
55	0.00576169
56	0.00556669
57	0.00535801
58	0.00517679
59	0.00501773
60	0.00483981
61	0.004653
62	0.00448096
63	0.0043411
64	0.00418549
65	0.00401279
66	0.00385274
67	0.00372561
68	0.00360587
69	0.003472
70	0.00333792
71	0.00320774
72	0.00309251
73	0.00298459
74	0.00288383
75	0.00277827
76	0.0026743
77	0.00258514
78	0.00249909
79	0.00240991
80	0.0023271
81	0.00224772
82	0.00217864
83	0.00211491
84	0.00204761
85	0.001976
86	0.00190776
87	0.00185085
88	0.00180271
89	0.00174943
90	0.00169277
91	0.00163234
92	0.0015698
93	0.00150701
94	0.00144976
95	0.0014019
96	0.00135476
97	0.00130385
98	0.00124968
99	0.00119274
100	0.00113518
101	0.001078
102	0.00101972
103	0.000959805
104	0.000898634
105	0.000837272
106	0.000775459
107	0.000715745
108	0.000658557
109	0.000603907
110	0.000550967
111	0.000500161
112	0.000451721
113	0.000406821
114	0.000365894
115	0.000329729
116	0.000296012
117	0.000264994
118	0.000236894
119	0.000211739
120	0.000189744
121	0.000171693
122	0.000157581
123	0.000144476
124	0.00013171
125	0.00012018
126	0.000109884
127	9.99374e-05
128	9.07581e-05
129	8.27048e-05
130	7.49836e-05
131	6.80744e-05
132	6.23496e-05
133	5.69934e-05
134	5.22944e-05
135	4.84852e-05
136	4.48234e-05
137	4.16807e-05
138	3.89171e-05
139	3.68444e-05
140	3.46194e-05
141	3.26751e-05
142	3.12283e-05
143	2.96734e-05
144	2.82793e-05
145	2.70188e-05
146	2.58781e-05
147	2.48249e-05
148	2.38632e-05
149	2.30101e-05
150	2.22175e-05
151	2.14694e-05
152	2.07677e-05
153	2.00922e-05
154	1.94613e-05
155	1.88637e-05
156	1.82955e-05
157	1.77378e-05
158	1.71928e-05
159	1.66679e-05
160	1.61568e-05
161	1.56645e-05
162	1.51928e-05
163	1.47377e-05
164	1.42869e-05
165	1.38574e-05
166	1.34447e-05
167	1.3045e-05
168	1.26645e-05
169	1.23006e-05
170	1.1951e-05
171	1.16154e-05
172	1.12897e-05
173	1.09714e-05
174	1.06548e-05
175	1.03416e-05
176	1.0036e-05
177	9.73852e-06
178	9.44833e-06
179	9.16256e-06
180	8.88256e-06
181	8.60955e-06
182	8.34267e-06
183	8.08212e-06
184	7.83181e-06
185	7.58561e-06
186	7.34319e-06
187	7.11336e-06
188	6.89105e-06
189	6.67691e-06
190	6.46888e-06
191	6.26732e-06
192	6.07187e-06
193	5.88238e-06
194	5.69929e-06
195	5.52563e-06
196	5.34915e-06
197	5.18079e-06
198	5.01982e-06
199	4.86397e-06
200	4.71351e-06
201	4.56799e-06
202	4.42709e-06
203	4.29014e-06
204	4.15633e-06
205	4.0277e-06
206	3.90331e-06
207	3.78274e-06
208	3.66648e-06
209	3.55468e-06
210	3.44687e-06
211	3.34236e-06
212	3.24127e-06
213	3.1437e-06
214	3.04945e-06
215	2.95828e-06
216	2.86994e-06
217	2.78426e-06
218	2.70166e-06
219	2.62176e-06
220	2.54441e-06
221	2.46947e-06
222	2.39683e-06
223	2.32629e-06
224	2.2579e-06
225	2.1914e-06
226	2.12662e-06
227	2.0637e-06
228	2.00254e-06
229	1.94342e-06
230	1.88626e-06
231	1.83082e-06
232	1.77678e-06
233	1.72412e-06
234	1.67284e-06
235	1.62298e-06
236	1.57454e-06
237	1.52746e-06
238	1.4817e-06
239	1.4372e-06
240	1.39391e-06
241	1.35186e-06
242	1.311e-06
243	1.27121e-06
244	1.23248e-06
245	1.19478e-06
246	1.15813e-06
247	1.12255e-06
248	1.08788e-06
249	1.05438e-06
250	1.02218e-06
251	9.91142e-07
252	9.61095e-07
253	9.32204e-07
254	9.04423e-07
255	8.77578e-07
256	8.5162e-07
257	8.26804e-07
258	8.02986e-07
259	7.79437e-07
260	7.55593e-07
261	7.3206e-07
262	7.09341e-07
263	6.87441e-07
264	6.66393e-07
265	6.46105e-07
266	6.26731e-07
267	6.07692e-07
268	5.89302e-07
269	5.71464e-07
270	5.54292e-07
271	5.37627e-07
272	5.21237e-07
273	5.05485e-07
274	4.9037e-07
275	4.75637e-07
276	4.61123e-07
277	4.47339e-07
278	4.33925e-07
279	4.20941e-07
280	4.08023e-07
281	3.95887e-07
282	3.84039e-07
283	3.72487e-07
284	3.6127e-07
285	3.54261e-07
286	3.42881e-07
287	3.32002e-07
288	3.21547e-07
289	3.1145e-07
290	3.01697e-07
291	2.92292e-07
292	2.83164e-07
293	2.74291e-07
294	2.65684e-07
295	2.5738e-07
296	2.49411e-07
297	2.41756e-07
298	2.34325e-07
299	2.27088e-07
300	2.20027e-07
301	2.13155e-07
302	2.06515e-07
303	2.00134e-07
304	1.93984e-07
305	1.8802e-07
306	1.82198e-07
307	1.76508e-07
308	1.70969e-07
309	1.65618e-07
310	1.60748e-07
311	1.55809e-07
312	1.50886e-07
313	1.46307e-07
314	1.43623e-07
315	1.40828e-07
316	1.35854e-07
317	1.31195e-07
318	1.27358e-07
319	1.23395e-07
320	1.19219e-07
321	1.15488e-07
322	1.14174e-07
323	1.10605e-07
324	1.06363e-07
325	1.03307e-07
326	1.0019e-07
327	9.6743e-08
328	9.37395e-08
329	9.08526e-08
330	8.91887e-08
331	8.75619e-08
332	8.44497e-08
333	8.15818e-08
334	7.87836e-08
335	7.63716e-08
336	7.38161e-08
337	7.24245e-08
338	7.11078e-08
339	7.09298e-08
340	6.93704e-08
341	6.8307e-08
342	6.64046e-08
343	6.4751e-08
344	6.3103e-08
345	6.1499e-08
346	6.02203e-08
347	5.85239e-08
348	5.70332e-08
349	5.57185e-08
350	5.42848e-08
351	5.34723e-08
352	5.18953e-08
353	5.08556e-08
354	4.98168e-08
355	4.78743e-08
356	4.63154e-08
357	4.53678e-08
358	4.38347e-08
359	4.2849e-08
360	4.17169e-08
361	4.0334e-08
362	3.99838e-08
363	3.94953e-08
364	3.79106e-08
365	3.64088e-08
366	3.53003e-08
367	3.36923e-08
368	3.31996e-08
369	3.27443e-08
370	3.123e-08
371	3.04946e-08
372	2.97887e-08
373	2.86793e-08
374	2.81313e-08
375	2.77217e-08
376	2.65736e-08
377	2.57683e-08
378	2.54563e-08
379	2.4159e-08
380	2.36538e-08
381	2.32042e-08
382	2.18892e-08
383	2.13618e-08
384	2.10434e-08
385	1.9995e-08
386	1.96414e-08
387	1.94685e-08
388	1.86944e-08
389	1.84784e-08
390	1.82783e-08
391	1.74404e-08
392	1.70476e-08
393	1.6475e-08
394	1.62766e-08
395	1.55484e-08
396	1.52801e-08
397	1.45656e-08
398	1.42498e-08
399	1.4216e-08
400	1.34877e-08
401	1.31942e-08
402	1.30464e-08
403	1.26615e-08
404	1.25707e-08
405	1.24246e-08
406	1.18784e-08
407	1.15985e-08
408	1.16008e-08
409	1.10033e-08
410	1.08548e-08
411	1.03891e-08
412	1.03575e-08
413	9.90716e-09
414	1.09411e-08
415	1.01702e-08
416	9.77185e-09
417	1.04508e-08
418	9.89765e-09
419	1.05588e-08
420	9.93629e-09
421	1.05628e-08
422	9.91858e-09
423	1.07515e-08
424	9.88793e-09
425	1.057e-08
426	1.00759e-08
427	9.42961e-09
428	1.01774e-08
429	9.38e-09
430	9.96928e-09
431	1.0477e-08
432	9.53581e-09
433	9.96544e-09
434	1.04234e-08
435	9.44542e-09
436	9.90932e-09
437	1.04763e-08
438	9.40685e-09
439	9.77262e-09
440	1.02249e-08
441	9.26475e-09
442	9.77635e-09
443	1.03993e-08
444	9.33139e-09
445	9.81758e-09
446	1.03342e-08
447	9.24098e-09
448	9.64362e-09
449	1.00867e-08
450	8.97916e-09
451	9.28599e-09
452	9.62849e-09
453	9.99251e-09
454	1.03177e-08
455	9.21458e-09
456	9.4459e-09
457	9.7871e-09
458	1.00349e-08
459	8.99575e-09
460	9.23487e-09
461	9.57797e-09
462	1.00356e-08
463	8.736e-09
464	8.95575e-09
465	9.2894e-09
466	9.51207e-09
467	9.71052e-09
468	9.94158e-09
469	1.02053e-08
470	8.92028e-09
471	9.20343e-09
472	9.41046e-09
473	9.63421e-09
474	9.79731e-09
475	9.96141e-09
476	1.00848e-08
477	8.81403e-09
478	8.96167e-09
479	9.21111e-09
480	9.38041e-09
481	9.55191e-09
482	9.71646e-09
483	9.83499e-09
484	9.95099e-09
485	1.00677e-08
486	8.77971e-09
487	8.95868e-09
488	9.10483e-09
489	9.27987e-09
490	9.39776e-09
491	9.51292e-09
492	9.57784e-09
493	9.67002e-09
494	9.72248e-09
495	9.77166e-09
496	9.84346e-09
497	9.87031e-09
498	9.9344e-09
499	9.98683e-09
500	1.00311e-08
