1	1
2	0.0641691
3	0.110646
4	0.16255
5	0.0980955
6	0.167078
7	0.23678
8	0.152908
9	0.295508
10	0.209953
11	0.167276
12	0.2839
13	0.341237
14	0.244355
15	0.427824
16	0.292936
17	0.208405
18	0.256663
19	0.633234
20	0.296733
21	0.316116
22	0.533262
23	0.250913
24	0.2092
25	0.283204
26	0.569881
27	0.335964
28	0.346926
29	0.461091
30	0.255288
31	0.213928
32	0.236071
33	0.350396
34	0.46934
35	0.398996
36	0.344905
37	0.217111
38	0.178222
39	0.188295
40	0.231417
41	0.274156
42	0.240213
43	0.16904
44	0.131396
45	0.122508
46	0.135513
47	0.152851
48	0.154374
49	0.13822
50	0.109514
51	0.0862474
52	0.0829725
53	0.0861127
54	0.0915445
55	0.0950256
56	0.0867839
57	0.0706021
58	0.0624991
59	0.0581773
60	0.0554658
61	0.0550157
62	0.0549235
63	0.0533721
64	0.0502649
65	0.0447408
66	0.0403206
67	0.0378096
68	0.036214
69	0.0344907
70	0.0324839
71	0.0300827
72	0.0277557
73	0.0253627
74	0.0229688
75	0.0209499
76	0.0194343
77	0.0179691
78	0.0164375
79	0.0147791
80	0.013641
81	0.0123692
82	0.0112162
83	0.0101977
84	0.00906951
85	0.00808459
86	0.00748508
87	0.00697871
88	0.00630264
89	0.00572422
90	0.00502535
91	0.00470257
92	0.0042292
93	0.00388148
94	0.00354666
95	0.00316474
96	0.0029165
97	0.00269147
98	0.00251755
99	0.00229014
100	0.002033
101	0.00182646
102	0.00169018
103	0.00156102
104	0.00142563
105	0.00130273
106	0.0012023
107	0.00111164
108	0.00102089
109	0.000937806
110	0.000869503
111	0.00080502
112	0.000738107
113	0.000677888
114	0.000630197
115	0.000593629
116	0.00055642
117	0.00051033
118	0.000477186
119	0.000449834
120	0.000420867
121	0.000390873
122	0.000366409
123	0.000350247
124	0.000331409
125	0.00031002
126	0.000292164
127	0.00027778
128	0.00026499
129	0.000253834
130	0.000239041
131	0.000227951
132	0.000220408
133	0.000206682
134	0.000196776
135	0.000189991
136	0.000181146
137	0.000173127
138	0.000165908
139	0.000163762
140	0.000154691
141	0.000149841
142	0.000145872
143	0.000140102
144	0.000134724
145	0.000129243
146	0.000124625
147	0.000120257
148	0.000115014
149	0.000111311
150	0.000107482
151	0.000104388
152	0.000101001
153	9.75584e-05
154	9.43139e-05
155	9.15549e-05
156	8.88108e-05
157	8.57455e-05
158	8.25164e-05
159	7.8744e-05
160	7.61953e-05
161	7.3989e-05
162	7.07107e-05
163	6.86537e-05
164	6.56898e-05
165	6.34925e-05
166	6.17524e-05
167	5.90104e-05
168	5.74694e-05
169	5.54952e-05
170	5.28829e-05
171	5.1237e-05
172	4.90992e-05
173	4.78567e-05
174	4.5923e-05
175	4.44018e-05
176	4.31617e-05
177	4.12074e-05
178	4.01526e-05
179	3.88932e-05
180	3.717e-05
181	3.62573e-05
182	3.48455e-05
183	3.40791e-05
184	3.31518e-05
185	3.20097e-05
186	3.05358e-05
187	2.98316e-05
188	2.87423e-05
189	2.82135e-05
190	2.74746e-05
191	2.63083e-05
192	2.55374e-05
193	2.49194e-05
194	2.42641e-05
195	2.35904e-05
196	2.28267e-05
197	2.17425e-05
198	2.11551e-05
199	2.06023e-05
200	2.00847e-05
201	1.95455e-05
202	1.89498e-05
203	1.8385e-05
204	1.7851e-05
205	1.73412e-05
206	1.6811e-05
207	1.62511e-05
208	1.5697e-05
209	1.51796e-05
210	1.47099e-05
211	1.42718e-05
212	1.38504e-05
213	1.34506e-05
214	1.3059e-05
215	1.26813e-05
216	1.23124e-05
217	1.19466e-05
218	1.15807e-05
219	1.12136e-05
220	1.08531e-05
221	1.05033e-05
222	1.01667e-05
223	9.84249e-06
224	9.42411e-06
225	9.25315e-06
226	8.90662e-06
227	8.70189e-06
228	8.55751e-06
229	8.36715e-06
230	8.15015e-06
231	7.91994e-06
232	7.68764e-06
233	7.45411e-06
234	7.22144e-06
235	6.99723e-06
236	6.78151e-06
237	6.57713e-06
238	6.38228e-06
239	6.1934e-06
240	6.00829e-06
241	5.82769e-06
242	5.65245e-06
243	5.48329e-06
244	5.31901e-06
245	5.15887e-06
246	4.97878e-06
247	4.9527e-06
248	4.73031e-06
249	4.58928e-06
250	4.50533e-06
251	4.50302e-06
252	4.31583e-06
253	4.13499e-06
254	4.04212e-06
255	4.0071e-06
256	3.85884e-06
257	3.7833e-06
258	3.67381e-06
259	3.61017e-06
260	3.51248e-06
261	3.40875e-06
262	3.28824e-06
263	3.22708e-06
264	3.20451e-06
265	3.09391e-06
266	3.1069e-06
267	2.95769e-06
268	2.80787e-06
269	2.70794e-06
270	2.64739e-06
271	2.67612e-06
272	2.6276e-06
273	2.51549e-06
274	2.44464e-06
275	2.47501e-06
276	2.33591e-06
277	2.27675e-06
278	2.25869e-06
279	2.24976e-06
280	2.09162e-06
281	2.01561e-06
282	1.99905e-06
283	2.00961e-06
284	2.01843e-06
285	1.8708e-06
286	1.76912e-06
287	1.75384e-06
288	1.76748e-06
289	1.77915e-06
290	1.77806e-06
291	1.73902e-06
292	1.66629e-06
293	1.57944e-06
294	1.49857e-06
295	1.44114e-06
296	1.41242e-06
297	1.41268e-06
298	1.41337e-06
299	1.38993e-06
300	1.34698e-06
301	1.285e-06
302	1.22606e-06
303	1.1775e-06
304	1.14661e-06
305	1.13267e-06
306	1.11533e-06
307	1.08969e-06
308	1.04944e-06
309	1.00162e-06
310	9.56165e-07
311	1.22278e-06
312	1.13622e-06
313	1.08459e-06
314	1.06792e-06
315	9.67934e-07
316	1.17233e-06
317	1.03718e-06
318	9.39227e-07
319	1.22291e-06
320	1.09806e-06
321	1.01226e-06
322	9.96416e-07
323	1.26482e-06
324	1.02037e-06
325	9.07411e-07
326	1.23894e-06
327	1.05751e-06
328	8.89993e-07
329	1.15035e-06
330	1.00286e-06
331	8.59632e-07
332	1.12993e-06
333	9.61923e-07
334	1.15837e-06
335	8.85525e-07
336	1.04895e-06
337	9.1738e-07
338	1.12483e-06
339	9.20339e-07
340	1.0739e-06
341	8.44699e-07
342	1.04847e-06
343	8.5448e-07
344	1.03053e-06
345	7.93426e-07
346	9.33709e-07
347	1.15664e-06
348	8.65167e-07
349	9.45325e-07
350	1.13554e-06
351	8.65784e-07
352	1.0124e-06
353	8.13082e-07
354	9.86076e-07
355	1.22764e-06
356	8.59747e-07
357	9.4262e-07
358	1.14251e-06
359	8.23721e-07
360	9.54931e-07
361	1.18864e-06
362	8.43983e-07
363	9.686e-07
364	1.20557e-06
365	8.35683e-07
366	9.73666e-07
367	1.23081e-06
368	8.4056e-07
369	9.56604e-07
370	1.20288e-06
371	8.24822e-07
372	9.73688e-07
373	1.23151e-06
374	8.22073e-07
375	9.19205e-07
376	1.16207e-06
377	7.98933e-07
378	9.7975e-07
379	1.28324e-06
380	8.35637e-07
381	9.57014e-07
382	1.21709e-06
383	7.95551e-07
384	9.63726e-07
385	1.27913e-06
386	8.57172e-07
387	9.86857e-07
388	1.23927e-06
389	8.03609e-07
390	9.55268e-07
391	1.26733e-06
392	8.70104e-07
393	1.04915e-06
394	7.75732e-07
395	1.03842e-06
396	7.93706e-07
397	1.01858e-06
398	7.67164e-07
399	9.83108e-07
400	1.2666e-06
401	7.82468e-07
402	8.79442e-07
403	1.1557e-06
404	7.85245e-07
405	9.7813e-07
406	1.29056e-06
407	8.42495e-07
408	9.96938e-07
409	1.28511e-06
410	8.32627e-07
411	1.01617e-06
412	8.04677e-07
413	1.11599e-06
414	8.49667e-07
415	1.06704e-06
416	7.69362e-07
417	1.0139e-06
418	7.9065e-07
419	1.05466e-06
420	8.01243e-07
421	1.02857e-06
422	7.60611e-07
423	9.87891e-07
424	1.29339e-06
425	8.22791e-07
426	9.61716e-07
427	1.24156e-06
428	8.29438e-07
429	1.00369e-06
430	7.72074e-07
431	1.06312e-06
432	8.1242e-07
433	1.05389e-06
434	7.94806e-07
435	1.02359e-06
436	7.6745e-07
437	9.77366e-07
438	1.25421e-06
439	7.85477e-07
440	9.1098e-07
441	1.17497e-06
442	7.97615e-07
443	9.71506e-07
444	1.25078e-06
445	8.19032e-07
446	9.5257e-07
447	1.20448e-06
448	7.75729e-07
449	9.51649e-07
450	1.24856e-06
451	8.40772e-07
452	1.02748e-06
453	8.08531e-07
454	1.06469e-06
455	7.9517e-07
456	1.01116e-06
457	7.72463e-07
458	1.0267e-06
459	8.16142e-07
460	1.05315e-06
461	7.91986e-07
462	9.93394e-07
463	1.25645e-06
464	7.96802e-07
465	9.53047e-07
466	1.23598e-06
467	8.58162e-07
468	1.07273e-06
469	8.54038e-07
470	1.12955e-06
471	8.42107e-07
472	1.07309e-06
473	8.2562e-07
474	1.10045e-06
475	8.79696e-07
476	1.149e-06
477	8.69711e-07
478	1.09289e-06
479	8.17826e-07
480	1.06215e-06
481	8.3554e-07
482	1.11109e-06
483	8.77956e-07
484	1.12911e-06
485	8.4894e-07
486	1.06049e-06
487	7.99411e-07
488	1.03777e-06
489	8.23629e-07
490	1.09645e-06
491	8.5849e-07
492	1.09264e-06
493	8.2002e-07
494	1.01247e-06
495	7.61215e-07
496	1.00271e-06
497	8.031e-07
498	1.0594e-06
499	8.17307e-07
500	1.02647e-06
