1	0.0879859
2	0.00329856
3	0.00898696
4	0.0142756
5	0.00881543
6	0.0138438
7	0.0194618
8	0.0134993
9	0.026021
10	0.014461
11	0.0137526
12	0.0272216
13	0.0265504
14	0.0221745
15	0.0346194
16	0.0251542
17	0.0201191
18	0.0238733
19	0.0352046
20	0.0267491
21	0.0288275
22	0.0423144
23	0.0179782
24	0.0148291
25	0.0225312
26	0.0427444
27	0.0288367
28	0.0295984
29	0.0365504
30	0.0252585
31	0.0145614
32	0.020602
33	0.0347363
34	0.0424293
35	0.0308456
36	0.0254557
37	0.015207
38	0.0167739
39	0.0151246
40	0.0204221
41	0.0191208
42	0.0173709
43	0.0157878
44	0.0103655
45	0.0122357
46	0.011494
47	0.013533
48	0.0145765
49	0.0126154
50	0.00970189
51	0.00844967
52	0.007425
53	0.00591582
54	0.00813573
55	0.00922327
56	0.00613827
57	0.00569869
58	0.00513567
59	0.00467396
60	0.00545731
61	0.00484605
62	0.00492019
63	0.0050891
64	0.00414052
65	0.0043313
66	0.00193159
67	0.00281495
68	0.00302731
69	0.00276446
70	0.00274486
71	0.00265743
72	0.00237996
73	0.00236819
74	0.00188664
75	0.00157063
76	0.00154585
77	0.00167051
78	0.00142888
79	0.001468
80	0.000974426
81	0.00100316
82	0.001038
83	0.00101703
84	0.000752612
85	0.000572925
86	0.000621907
87	0.000667041
88	0.000546003
89	0.000413568
90	0.000501147
91	0.000358259
92	0.000330579
93	0.000357268
94	0.000348149
95	0.000261001
96	0.000266286
97	0.000251596
98	0.00018337
99	0.000180913
100	0.000192389
101	0.000159856
102	0.000123413
103	0.000110727
104	0.00010508
105	0.00010107
106	0.000108116
107	0.000100777
108	9.12824e-05
109	7.61615e-05
110	5.28447e-05
111	4.97445e-05
112	6.95299e-05
113	5.46614e-05
114	5.2578e-05
115	5.51959e-05
116	4.35617e-05
117	4.24475e-05
118	3.80697e-05
119	3.54229e-05
120	3.26673e-05
121	3.04406e-05
122	3.59305e-05
123	3.22992e-05
124	2.85309e-05
125	2.54066e-05
126	2.27789e-05
127	2.30523e-05
128	2.28598e-05
129	1.99985e-05
130	1.94345e-05
131	1.81116e-05
132	2.16834e-05
133	1.72763e-05
134	1.53431e-05
135	1.30289e-05
136	1.26661e-05
137	1.27161e-05
138	1.27563e-05
139	1.60404e-05
140	1.3845e-05
141	1.32558e-05
142	1.12804e-05
143	1.07171e-05
144	1.04766e-05
145	9.81443e-06
146	8.91428e-06
147	1.15592e-05
148	1.09563e-05
149	9.74362e-06
150	8.31094e-06
151	7.04797e-06
152	9.87731e-06
153	6.91068e-06
154	7.13159e-06
155	7.10528e-06
156	6.67779e-06
157	6.02419e-06
158	7.77253e-06
159	7.32687e-06
160	7.48905e-06
161	6.26884e-06
162	5.2487e-06
163	6.5449e-06
164	6.11189e-06
165	6.16335e-06
166	5.09371e-06
167	4.49946e-06
168	3.93957e-06
169	5.21285e-06
170	4.98731e-06
171	4.14027e-06
172	3.79754e-06
173	4.76463e-06
174	4.39993e-06
175	4.30502e-06
176	3.62396e-06
177	3.20394e-06
178	2.82992e-06
179	3.78351e-06
180	3.64793e-06
181	3.06966e-06
182	2.86806e-06
183	2.59486e-06
184	2.3219e-06
185	3.09949e-06
186	3.03965e-06
187	2.66415e-06
188	2.36763e-06
189	2.07139e-06
190	2.74254e-06
191	2.024e-06
192	2.05637e-06
193	2.01694e-06
194	1.89373e-06
195	1.73515e-06
196	2.27323e-06
197	1.73936e-06
198	1.63721e-06
199	1.53477e-06
200	1.43875e-06
201	1.3937e-06
202	1.40081e-06
203	1.40836e-06
204	1.39133e-06
205	1.33758e-06
206	1.26181e-06
207	1.18912e-06
208	1.12982e-06
209	1.08291e-06
210	1.04411e-06
211	1.01028e-06
212	9.86171e-07
213	9.67387e-07
214	9.51037e-07
215	9.34411e-07
216	9.12713e-07
217	8.83019e-07
218	8.46383e-07
219	8.09336e-07
220	7.73313e-07
221	7.39432e-07
222	7.08518e-07
223	9.88247e-07
224	9.75694e-07
225	8.12739e-07
226	9.8882e-07
227	9.52931e-07
228	9.40874e-07
229	9.38318e-07
230	9.29463e-07
231	9.05001e-07
232	8.6782e-07
233	8.28677e-07
234	7.96888e-07
235	7.73733e-07
236	7.55094e-07
237	7.3609e-07
238	7.14683e-07
239	6.9197e-07
240	6.70048e-07
241	6.49988e-07
242	6.31887e-07
243	6.14607e-07
244	5.97379e-07
245	9.73621e-07
246	9.96992e-07
247	6.93217e-07
248	6.21504e-07
249	8.29165e-07
250	9.68364e-07
251	6.60073e-07
252	5.96098e-07
253	7.91016e-07
254	8.66341e-07
255	9.67755e-07
256	9.47102e-07
257	9.61674e-07
258	9.89734e-07
259	9.30433e-07
260	7.47988e-07
261	7.41879e-07
262	8.43644e-07
263	9.61067e-07
264	8.84483e-07
265	9.97174e-07
266	8.07319e-07
267	8.13032e-07
268	8.07698e-07
269	7.76025e-07
270	9.85605e-07
271	8.43137e-07
272	8.16404e-07
273	9.42095e-07
274	9.52751e-07
275	7.98255e-07
276	9.16441e-07
277	9.12149e-07
278	9.81519e-07
279	8.38556e-07
280	8.45255e-07
281	7.84427e-07
282	8.20567e-07
283	9.13844e-07
284	7.83364e-07
285	7.51662e-07
286	6.84692e-07
287	7.23109e-07
288	8.29001e-07
289	9.61801e-07
290	9.87868e-07
291	8.63437e-07
292	7.00512e-07
293	6.26608e-07
294	6.13224e-07
295	6.28557e-07
296	6.96224e-07
297	7.73765e-07
298	7.69187e-07
299	6.95144e-07
300	5.91959e-07
301	5.45662e-07
302	5.35645e-07
303	5.40925e-07
304	5.61914e-07
305	5.88762e-07
306	5.71387e-07
307	5.04585e-07
308	4.41942e-07
309	4.18952e-07
310	9.56165e-07
311	5.63797e-07
312	6.10359e-07
313	6.2288e-07
314	5.27791e-07
315	9.67934e-07
316	4.3498e-07
317	4.27982e-07
318	9.39227e-07
319	6.18188e-07
320	6.57606e-07
321	5.90138e-07
322	9.96416e-07
323	5.20494e-07
324	4.71398e-07
325	9.07411e-07
326	5.70736e-07
327	5.80275e-07
328	8.89993e-07
329	6.30811e-07
330	5.17841e-07
331	8.59632e-07
332	4.70222e-07
333	9.61923e-07
334	5.28765e-07
335	8.85525e-07
336	5.65881e-07
337	9.1738e-07
338	6.30654e-07
339	9.20339e-07
340	5.06561e-07
341	8.44699e-07
342	4.46966e-07
343	8.5448e-07
344	4.64854e-07
345	7.93426e-07
346	9.33709e-07
347	6.04018e-07
348	8.65167e-07
349	9.45325e-07
350	6.14405e-07
351	8.65784e-07
352	5.54872e-07
353	8.13082e-07
354	9.86076e-07
355	5.17251e-07
356	8.59747e-07
357	9.4262e-07
358	5.79749e-07
359	8.23721e-07
360	9.54931e-07
361	6.03099e-07
362	8.43983e-07
363	9.686e-07
364	6.40514e-07
365	8.35683e-07
366	9.73666e-07
367	5.9907e-07
368	8.4056e-07
369	9.56604e-07
370	5.86323e-07
371	8.24822e-07
372	9.73688e-07
373	5.96995e-07
374	8.22073e-07
375	9.19205e-07
376	5.12306e-07
377	7.98933e-07
378	9.7975e-07
379	6.48759e-07
380	8.35637e-07
381	9.57014e-07
382	5.29214e-07
383	7.95551e-07
384	9.63726e-07
385	5.95739e-07
386	8.57172e-07
387	9.86857e-07
388	5.63818e-07
389	8.03609e-07
390	9.55268e-07
391	5.50916e-07
392	8.70104e-07
393	4.89519e-07
394	7.75732e-07
395	4.52951e-07
396	7.93706e-07
397	4.72031e-07
398	7.67164e-07
399	9.83108e-07
400	5.86207e-07
401	7.82468e-07
402	8.79442e-07
403	5.58827e-07
404	7.85245e-07
405	9.7813e-07
406	6.16838e-07
407	8.42495e-07
408	9.96938e-07
409	5.86736e-07
410	8.32627e-07
411	4.85832e-07
412	8.04677e-07
413	5.33486e-07
414	8.49667e-07
415	5.1479e-07
416	7.69362e-07
417	4.7993e-07
418	7.9065e-07
419	5.31027e-07
420	8.01243e-07
421	5.09883e-07
422	7.60611e-07
423	9.87891e-07
424	6.09952e-07
425	8.22791e-07
426	9.61716e-07
427	6.1342e-07
428	8.29438e-07
429	4.90822e-07
430	7.72074e-07
431	4.98277e-07
432	8.1242e-07
433	5.38778e-07
434	7.94806e-07
435	5.17623e-07
436	7.6745e-07
437	9.77366e-07
438	6.01633e-07
439	7.85477e-07
440	9.1098e-07
441	5.6929e-07
442	7.97615e-07
443	9.71506e-07
444	6.35586e-07
445	8.19032e-07
446	9.5257e-07
447	5.71499e-07
448	7.75729e-07
449	9.51649e-07
450	6.12869e-07
451	8.40772e-07
452	5.486e-07
453	8.08531e-07
454	5.12201e-07
455	7.9517e-07
456	4.88074e-07
457	7.72463e-07
458	5.28517e-07
459	8.16142e-07
460	5.53524e-07
461	7.91986e-07
462	9.93394e-07
463	6.23837e-07
464	7.96802e-07
465	9.53047e-07
466	6.0147e-07
467	8.58162e-07
468	5.36474e-07
469	8.54038e-07
470	5.42824e-07
471	8.42107e-07
472	5.14062e-07
473	8.2562e-07
474	5.34283e-07
475	8.79696e-07
476	5.68938e-07
477	8.69711e-07
478	5.17179e-07
479	8.17826e-07
480	4.93849e-07
481	8.3554e-07
482	5.46394e-07
483	8.77956e-07
484	5.68534e-07
485	8.4894e-07
486	5.00962e-07
487	7.99411e-07
488	4.8721e-07
489	8.23629e-07
490	5.44136e-07
491	8.5849e-07
492	5.46623e-07
493	8.2002e-07
494	4.76228e-07
495	7.61215e-07
496	4.76198e-07
497	8.031e-07
498	5.2873e-07
499	8.17307e-07
500	5.08621e-07
