1	12
2	6
3	8
4	9
5	6
6	8
7	8
8	5
9	6
10	8
11	5
12	5
13	5
14	6
15	6
16	5
17	7
18	5
19	5
20	6
21	7
22	5
23	5
24	7
25	5
26	5
27	5
28	5
29	6
30	6
31	7
32	5
33	4
34	7
35	7
36	5
37	6
38	6
39	7
40	5
41	6
42	6
43	4
44	6
45	7
46	7
47	5
48	4
49	6
50	7
51	6
52	5
53	5
54	4
55	5
56	6
57	4
58	4
59	4
60	4
61	4
62	4
63	4
64	6
65	4
66	5
67	4
68	6
69	6
70	4
71	4
72	6
73	6
74	6
75	6
76	6
77	6
78	7
79	5
80	7
81	7
82	6
83	7
84	7
85	7
86	7
87	6
88	7
89	7
90	5
91	7
92	6
93	6
94	5
95	5
96	4
97	5
98	6
99	6
100	4
101	4
102	4
103	4
104	4
105	4
106	4
107	5
108	5
109	5
110	5
111	5
112	4
113	4
114	4
115	4
116	5
117	5
118	5
119	5
120	5
121	5
122	4
123	4
124	5
125	5
126	5
127	5
128	5
129	5
130	5
131	5
132	4
133	5
134	5
135	5
136	5
137	5
138	5
139	4
140	5
141	5
142	5
143	5
144	5
145	5
146	5
147	4
148	4
149	5
150	5
151	5
152	4
153	5
154	5
155	5
156	5
157	5
158	4
159	4
160	4
161	5
162	5
163	4
164	4
165	4
166	5
167	5
168	5
169	4
170	4
171	5
172	5
173	4
174	4
175	4
176	5
177	5
178	5
179	4
180	4
181	5
182	5
183	5
184	5
185	4
186	4
187	5
188	5
189	5
190	4
191	5
192	5
193	5
194	5
195	5
196	4
197	5
198	5
199	5
200	5
201	5
202	5
203	5
204	5
205	5
206	5
207	5
208	5
209	5
210	5
211	5
212	5
213	5
214	5
215	5
216	5
217	5
218	5
219	5
220	5
221	5
222	5
223	4
224	4
225	5
226	4
227	4
228	4
229	4
230	4
231	4
232	4
233	4
234	4
235	4
236	4
237	4
238	4
239	4
240	4
241	4
242	4
243	4
244	4
245	3
246	2
247	4
248	4
249	2
250	2
251	4
252	4
253	2
254	2
255	3
256	2
257	2
258	2
259	3
260	2
261	2
262	2
263	2
264	3
265	1
266	2
267	2
268	2
269	2
270	1
271	2
272	2
273	1
274	1
275	2
276	1
277	1
278	1
279	2
280	1
281	1
282	1
283	1
284	2
285	1
286	1
287	1
288	1
289	1
290	1
291	1
292	1
293	1
294	1
295	1
296	1
297	1
298	1
299	1
300	1
301	1
302	1
303	1
304	1
305	1
306	1
307	1
308	1
309	1
310	0
311	1
312	1
313	1
314	1
315	0
316	1
317	1
318	0
319	1
320	1
321	1
322	0
323	1
324	1
325	0
326	1
327	1
328	0
329	1
330	1
331	0
332	1
333	0
334	1
335	0
336	1
337	0
338	1
339	0
340	1
341	0
342	1
343	0
344	1
345	0
346	0
347	1
348	0
349	0
350	1
351	0
352	1
353	0
354	0
355	1
356	0
357	0
358	1
359	0
360	0
361	1
362	0
363	0
364	1
365	0
366	0
367	1
368	0
369	0
370	1
371	0
372	0
373	1
374	0
375	0
376	1
377	0
378	0
379	1
380	0
381	0
382	1
383	0
384	0
385	1
386	0
387	0
388	1
389	0
390	0
391	1
392	0
393	1
394	0
395	1
396	0
397	1
398	0
399	0
400	1
401	0
402	0
403	1
404	0
405	0
406	1
407	0
408	0
409	1
410	0
411	1
412	0
413	1
414	0
415	1
416	0
417	1
418	0
419	1
420	0
421	1
422	0
423	0
424	1
425	0
426	0
427	1
428	0
429	1
430	0
431	1
432	0
433	1
434	0
435	1
436	0
437	0
438	1
439	0
440	0
441	1
442	0
443	0
444	1
445	0
446	0
447	1
448	0
449	0
450	1
451	0
452	1
453	0
454	1
455	0
456	1
457	0
458	1
459	0
460	1
461	0
462	0
463	1
464	0
465	0
466	1
467	0
468	1
469	0
470	1
471	0
472	1
473	0
474	1
475	0
476	1
477	0
478	1
479	0
480	1
481	0
482	1
483	0
484	1
485	0
486	1
487	0
488	1
489	0
490	1
491	0
492	1
493	0
494	1
495	0
496	1
497	0
498	1
499	0
500	1
