1	1
2	0.462658
3	0.153505
4	0.0488849
5	0.147721
6	0.189139
7	0.161578
8	0.184629
9	0.111197
10	0.0815609
11	0.097997
12	0.092471
13	0.089817
14	0.100039
15	0.0837048
16	0.0721139
17	0.0763359
18	0.0677676
19	0.0590024
20	0.0693057
21	0.0682995
22	0.0548717
23	0.0538647
24	0.0574913
25	0.0473464
26	0.0403197
27	0.0440872
28	0.0417644
29	0.0326506
30	0.0314924
31	0.0332343
32	0.0285286
33	0.023074
34	0.0225731
35	0.0218007
36	0.0184724
37	0.0184798
38	0.0179228
39	0.0144116
40	0.013497
41	0.014608
42	0.0122892
43	0.0108862
44	0.011692
45	0.0107275
46	0.00844098
47	0.00813948
48	0.00855483
49	0.00729007
50	0.00611296
51	0.00676662
52	0.00650728
53	0.00501188
54	0.00449252
55	0.00484589
56	0.00443531
57	0.00379695
58	0.00385697
59	0.00378229
60	0.00330244
61	0.00277657
62	0.0027681
63	0.00280203
64	0.00250771
65	0.00212525
66	0.00213313
67	0.00219608
68	0.00195099
69	0.00169087
70	0.00171962
71	0.00173828
72	0.00157253
73	0.00144027
74	0.00146474
75	0.00142914
76	0.00133224
77	0.00122722
78	0.0011583
79	0.00113585
80	0.00110795
81	0.00109388
82	0.00103804
83	0.000975548
84	0.000931821
85	0.000896026
86	0.000837301
87	0.000782819
88	0.000769173
89	0.000764181
90	0.000737471
91	0.000691368
92	0.000658837
93	0.000631954
94	0.000599558
95	0.000573258
96	0.000554256
97	0.000533071
98	0.000511649
99	0.000492248
100	0.000473436
101	0.000453199
102	0.000433813
103	0.000416576
104	0.000401629
105	0.000386572
106	0.000370229
107	0.000355942
108	0.000343155
109	0.000330915
110	0.000318188
111	0.000305627
112	0.000294128
113	0.000283474
114	0.000272721
115	0.000262042
116	0.000252588
117	0.000243778
118	0.000235125
119	0.000226481
120	0.000218099
121	0.000210373
122	0.000202888
123	0.000195645
124	0.000188149
125	0.000181959
126	0.000176233
127	0.000169999
128	0.000164392
129	0.000159159
130	0.000153657
131	0.00014877
132	0.000144137
133	0.000139452
134	0.000135301
135	0.000131339
136	0.000127114
137	0.000123423
138	0.00011995
139	0.000116559
140	0.000112946
141	0.000109693
142	0.000106676
143	0.000103489
144	0.000100656
145	9.79461e-05
146	9.53312e-05
147	9.27681e-05
148	9.0287e-05
149	8.78078e-05
150	8.53866e-05
151	8.30661e-05
152	8.08082e-05
153	7.86405e-05
154	7.64556e-05
155	7.43327e-05
156	7.22585e-05
157	7.02258e-05
158	6.82345e-05
159	6.63061e-05
160	6.43727e-05
161	6.24744e-05
162	6.06135e-05
163	5.88062e-05
164	5.7073e-05
165	5.53402e-05
166	5.36448e-05
167	5.19875e-05
168	5.03866e-05
169	4.88292e-05
170	4.7334e-05
171	4.58415e-05
172	4.43805e-05
173	4.29812e-05
174	4.16552e-05
175	4.03423e-05
176	3.90623e-05
177	3.78184e-05
178	3.66281e-05
179	3.54837e-05
180	3.43999e-05
181	3.3323e-05
182	3.22722e-05
183	3.12672e-05
184	3.03017e-05
185	2.93729e-05
186	2.84898e-05
187	2.76158e-05
188	2.67639e-05
189	2.59488e-05
190	2.51638e-05
191	2.44202e-05
192	2.36746e-05
193	2.29579e-05
194	2.22681e-05
195	2.16028e-05
196	2.09591e-05
197	2.03425e-05
198	1.97258e-05
199	1.91322e-05
200	1.85611e-05
201	1.80102e-05
202	1.74753e-05
203	1.69549e-05
204	1.64487e-05
205	1.59577e-05
206	1.54818e-05
207	1.50203e-05
208	1.45724e-05
209	1.41378e-05
210	1.3716e-05
211	1.33069e-05
212	1.291e-05
213	1.25249e-05
214	1.21504e-05
215	1.17869e-05
216	1.14342e-05
217	1.1092e-05
218	1.076e-05
219	1.04379e-05
220	1.01253e-05
221	9.82175e-06
222	9.5271e-06
223	9.24114e-06
224	8.96733e-06
225	8.69629e-06
226	8.43129e-06
227	8.17916e-06
228	7.93302e-06
229	7.69351e-06
230	7.46113e-06
231	7.2359e-06
232	7.01749e-06
233	6.80552e-06
234	6.5997e-06
235	6.39988e-06
236	6.20597e-06
237	6.01785e-06
238	5.83537e-06
239	5.65834e-06
240	5.48659e-06
241	5.32e-06
242	5.15846e-06
243	5.00187e-06
244	4.8501e-06
245	4.703e-06
246	4.55927e-06
247	4.42393e-06
248	4.2892e-06
249	4.15917e-06
250	4.03292e-06
251	3.91084e-06
252	3.79231e-06
253	3.67854e-06
254	3.56792e-06
255	3.45974e-06
256	3.35351e-06
257	3.2558e-06
258	3.15829e-06
259	3.0617e-06
260	2.9651e-06
261	2.87774e-06
262	2.792e-06
263	2.70782e-06
264	2.62581e-06
265	2.54344e-06
266	2.46425e-06
267	2.39536e-06
268	2.3254e-06
269	2.25349e-06
270	2.18274e-06
271	2.11284e-06
272	2.05214e-06
273	1.99364e-06
274	1.92836e-06
275	1.86902e-06
276	1.81885e-06
277	1.76065e-06
278	1.70598e-06
279	1.65485e-06
280	1.60976e-06
281	1.55746e-06
282	1.50859e-06
283	1.4634e-06
284	1.42038e-06
285	1.38178e-06
286	1.3324e-06
287	1.29012e-06
288	1.25167e-06
289	1.21552e-06
290	1.17983e-06
291	1.1444e-06
292	1.10968e-06
293	1.07571e-06
294	1.04266e-06
295	1.01087e-06
296	9.80513e-07
297	9.51503e-07
298	9.23465e-07
299	8.96061e-07
300	8.69153e-07
301	8.42827e-07
302	8.17301e-07
303	7.9279e-07
304	7.69317e-07
305	7.46722e-07
306	7.2475e-07
307	7.03209e-07
308	6.82126e-07
309	6.61678e-07
310	6.42001e-07
311	6.22364e-07
312	6.04344e-07
313	5.8804e-07
314	5.71555e-07
315	5.52619e-07
316	5.33835e-07
317	5.17241e-07
318	5.02391e-07
319	4.88548e-07
320	4.73447e-07
321	4.60643e-07
322	4.47073e-07
323	4.3302e-07
324	4.18031e-07
325	4.05466e-07
326	3.94292e-07
327	3.81478e-07
328	3.71213e-07
329	3.598e-07
330	3.48971e-07
331	3.37833e-07
332	3.26343e-07
333	3.16354e-07
334	3.06747e-07
335	2.97892e-07
336	2.90168e-07
337	2.8177e-07
338	2.73062e-07
339	2.65607e-07
340	2.57568e-07
341	2.48984e-07
342	2.40419e-07
343	2.33446e-07
344	2.26662e-07
345	2.20002e-07
346	2.13953e-07
347	2.07199e-07
348	2.02144e-07
349	1.95441e-07
350	1.8956e-07
351	1.84821e-07
352	1.78714e-07
353	1.72873e-07
354	1.66667e-07
355	1.60537e-07
356	1.55653e-07
357	1.50994e-07
358	1.4774e-07
359	1.43604e-07
360	1.39517e-07
361	1.34879e-07
362	1.32584e-07
363	1.28447e-07
364	1.24905e-07
365	1.2062e-07
366	1.16548e-07
367	1.12408e-07
368	1.09228e-07
369	1.06359e-07
370	1.03309e-07
371	1.0152e-07
372	9.75906e-08
373	9.51116e-08
374	9.39963e-08
375	9.1483e-08
376	8.9161e-08
377	8.61898e-08
378	8.31937e-08
379	8.0085e-08
380	7.90263e-08
381	7.57159e-08
382	7.3087e-08
383	7.20938e-08
384	6.96586e-08
385	6.75915e-08
386	6.87653e-08
387	6.61263e-08
388	6.42886e-08
389	6.51464e-08
390	6.29531e-08
391	6.11142e-08
392	5.97999e-08
393	5.73513e-08
394	5.66405e-08
395	5.43447e-08
396	5.18043e-08
397	5.03475e-08
398	4.92669e-08
399	4.80388e-08
400	4.64311e-08
401	4.86112e-08
402	4.60416e-08
403	4.42427e-08
404	4.7681e-08
405	4.54155e-08
406	4.33922e-08
407	4.36496e-08
408	4.1254e-08
409	3.92261e-08
410	4.1897e-08
411	3.88238e-08
412	4.11586e-08
413	3.88738e-08
414	3.74015e-08
415	3.55872e-08
416	3.73022e-08
417	3.50699e-08
418	3.56275e-08
419	3.35903e-08
420	3.37942e-08
421	3.19556e-08
422	3.20612e-08
423	3.0215e-08
424	2.8563e-08
425	3.3106e-08
426	3.06199e-08
427	2.88867e-08
428	3.36837e-08
429	3.15439e-08
430	3.35025e-08
431	3.13139e-08
432	3.04615e-08
433	2.82473e-08
434	3.10976e-08
435	2.86877e-08
436	2.88223e-08
437	2.66578e-08
438	2.47005e-08
439	2.99393e-08
440	2.69312e-08
441	2.48534e-08
442	2.9053e-08
443	2.66674e-08
444	2.48302e-08
445	2.90967e-08
446	2.65865e-08
447	2.44523e-08
448	3.10883e-08
449	2.81522e-08
450	2.56777e-08
451	3.08734e-08
452	2.77924e-08
453	3.08377e-08
454	2.81194e-08
455	2.8084e-08
456	2.55134e-08
457	3.03841e-08
458	2.77005e-08
459	2.84837e-08
460	2.59998e-08
461	2.76587e-08
462	2.50052e-08
463	2.24714e-08
464	3.08798e-08
465	2.71628e-08
466	2.43743e-08
467	3.019e-08
468	2.66901e-08
469	3.10567e-08
470	2.77182e-08
471	2.85672e-08
472	2.55974e-08
473	3.11624e-08
474	2.80456e-08
475	3.01463e-08
476	2.69334e-08
477	2.95993e-08
478	2.63952e-08
479	2.98442e-08
480	2.65319e-08
481	2.93165e-08
482	2.61779e-08
483	2.91167e-08
484	2.58149e-08
485	2.87406e-08
486	2.55608e-08
487	2.93764e-08
488	2.61261e-08
489	2.91139e-08
490	2.59934e-08
491	2.86607e-08
492	2.53898e-08
493	2.81843e-08
494	2.49353e-08
495	2.79127e-08
496	2.46846e-08
497	2.72064e-08
498	2.40478e-08
499	2.71326e-08
500	2.39987e-08
