1	0.0547877
2	0.0233536
3	0.00729196
4	0.00133604
5	0.00671806
6	0.00807494
7	0.0122941
8	0.00624549
9	0.00355984
10	0.00616233
11	0.0097389
12	0.00855107
13	0.00568922
14	0.00772456
15	0.00640501
16	0.00380472
17	0.00575294
18	0.0058567
19	0.00320658
20	0.00440366
21	0.00545113
22	0.00326297
23	0.00299352
24	0.00493672
25	0.00410407
26	0.00192678
27	0.00302547
28	0.00375659
29	0.00221016
30	0.00180019
31	0.0031477
32	0.00282672
33	0.00146559
34	0.00156934
35	0.000668088
36	0.00143308
37	0.00102974
38	0.00170953
39	0.000461102
40	0.000779404
41	0.00117071
42	0.00117524
43	0.000616145
44	0.000784529
45	0.00102882
46	0.000727323
47	0.000478231
48	0.000806068
49	0.000213999
50	0.00038066
51	0.000575831
52	0.000199837
53	0.000488101
54	0.000310043
55	0.000127507
56	0.00014189
57	0.000293087
58	0.00029766
59	0.000110895
60	0.000100279
61	0.000227794
62	0.000249689
63	8.61507e-05
64	7.08595e-05
65	0.000167074
66	0.000206064
67	6.35457e-05
68	0.000193209
69	0.000152765
70	4.24183e-05
71	4.46624e-05
72	0.000153022
73	0.000132833
74	0.000136219
75	0.000139025
76	0.000132324
77	0.000121205
78	2.59777e-05
79	2.6199e-05
80	2.57734e-05
81	0.000107812
82	0.000103523
83	2.19178e-05
84	2.14933e-05
85	2.08422e-05
86	1.98289e-05
87	1.80743e-05
88	1.72361e-05
89	1.73078e-05
90	1.66223e-05
91	1.61755e-05
92	1.5264e-05
93	1.47687e-05
94	1.35734e-05
95	1.24643e-05
96	1.18833e-05
97	1.17097e-05
98	1.1403e-05
99	1.0844e-05
100	1.01264e-05
101	9.50345e-06
102	9.0698e-06
103	8.73928e-06
104	8.40341e-06
105	8.01526e-06
106	3.68065e-05
107	3.54317e-05
108	3.42203e-05
109	3.30887e-05
110	3.18145e-05
111	3.04571e-05
112	2.91592e-05
113	2.79625e-05
114	2.6932e-05
115	2.60196e-05
116	2.51657e-05
117	2.43428e-05
118	2.34502e-05
119	2.25409e-05
120	2.16706e-05
121	2.09122e-05
122	2.02482e-05
123	4.04978e-06
124	1.86874e-05
125	1.81515e-05
126	3.65389e-06
127	1.68567e-05
128	1.63715e-05
129	3.28978e-06
130	1.52565e-05
131	1.48413e-05
132	2.98799e-06
133	1.38242e-05
134	1.34825e-05
135	2.72632e-06
136	1.26446e-05
137	1.23101e-05
138	1.19926e-05
139	2.4094e-06
140	1.11908e-05
141	1.09312e-05
142	2.21942e-06
143	1.02644e-05
144	9.99931e-06
145	9.74754e-06
146	9.49704e-06
147	9.24649e-06
148	8.97397e-06
149	8.71276e-06
150	8.48582e-06
151	8.26036e-06
152	8.0281e-06
153	7.77503e-06
154	7.55209e-06
155	7.34348e-06
156	7.1355e-06
157	6.92465e-06
158	6.71405e-06
159	6.50056e-06
160	6.30468e-06
161	6.12232e-06
162	5.95593e-06
163	5.78139e-06
164	5.58798e-06
165	5.40348e-06
166	5.23641e-06
167	5.09139e-06
168	4.94536e-06
169	4.79324e-06
170	4.62874e-06
171	4.47679e-06
172	4.34959e-06
173	4.2276e-06
174	4.0936e-06
175	3.9618e-06
176	3.8375e-06
177	3.72703e-06
178	3.61715e-06
179	3.50617e-06
180	3.38888e-06
181	3.28114e-06
182	3.19041e-06
183	3.10162e-06
184	3.00878e-06
185	2.91312e-06
186	2.81476e-06
187	2.72678e-06
188	2.6536e-06
189	2.58153e-06
190	2.50504e-06
191	2.42026e-06
192	2.34494e-06
193	2.27677e-06
194	2.2114e-06
195	2.14594e-06
196	2.08009e-06
197	2.01253e-06
198	1.95387e-06
199	1.89874e-06
200	1.84275e-06
201	1.78545e-06
202	1.72958e-06
203	1.67688e-06
204	1.62742e-06
205	1.57961e-06
206	1.53255e-06
207	1.48611e-06
208	1.4407e-06
209	1.39682e-06
210	1.35465e-06
211	1.31406e-06
212	1.27474e-06
213	1.23631e-06
214	1.19919e-06
215	1.16303e-06
216	1.12789e-06
217	1.09386e-06
218	1.06094e-06
219	1.02904e-06
220	9.98055e-07
221	9.67942e-07
222	9.387e-07
223	9.10341e-07
224	8.81322e-07
225	8.54308e-07
226	8.30856e-07
227	8.05965e-07
228	7.80747e-07
229	7.56409e-07
230	7.33433e-07
231	7.11611e-07
232	6.90546e-07
233	6.6994e-07
234	6.49691e-07
235	6.29869e-07
236	6.10621e-07
237	5.9206e-07
238	5.74205e-07
239	5.56978e-07
240	5.40262e-07
241	5.23976e-07
242	5.08104e-07
243	4.92685e-07
244	4.77759e-07
245	4.63333e-07
246	4.48624e-07
247	4.30305e-07
248	4.23507e-07
249	4.13831e-07
250	3.95653e-07
251	3.80885e-07
252	3.75585e-07
253	3.66888e-07
254	3.50264e-07
255	3.36681e-07
256	3.31118e-07
257	3.20215e-07
258	3.10003e-07
259	3.0086e-07
260	2.96363e-07
261	2.84586e-07
262	2.73318e-07
263	2.6419e-07
264	2.57155e-07
265	2.54241e-07
266	2.41718e-07
267	2.3558e-07
268	2.29201e-07
269	2.2268e-07
270	2.16099e-07
271	2.05627e-07
272	2.0229e-07
273	1.97977e-07
274	1.89115e-07
275	1.82541e-07
276	1.81145e-07
277	1.73677e-07
278	1.67113e-07
279	1.61596e-07
280	1.60843e-07
281	1.54104e-07
282	1.48313e-07
283	1.43335e-07
284	1.38948e-07
285	2.89402e-08
286	1.30782e-07
287	1.25826e-07
288	1.21819e-07
289	1.18204e-07
290	1.15326e-07
291	1.13073e-07
292	1.1054e-07
293	1.07052e-07
294	1.02912e-07
295	9.88865e-08
296	9.55458e-08
297	9.30478e-08
298	9.1108e-08
299	8.91705e-08
300	8.67189e-08
301	8.37056e-08
302	8.04901e-08
303	7.75922e-08
304	7.52583e-08
305	7.34517e-08
306	7.18774e-08
307	7.01284e-08
308	6.79879e-08
309	6.55192e-08
310	6.30507e-08
311	5.82633e-08
312	5.77706e-08
313	5.80445e-08
314	1.23355e-08
315	1.18771e-08
316	5.1147e-08
317	4.9318e-08
318	4.83583e-08
319	4.4779e-08
320	4.50653e-08
321	4.58243e-08
322	9.84256e-09
323	4.21687e-08
324	4.04178e-08
325	3.94539e-08
326	3.65173e-08
327	3.6438e-08
328	3.65921e-08
329	3.38219e-08
330	7.33744e-09
331	7.43056e-09
332	3.16931e-08
333	3.05222e-08
334	2.81566e-08
335	2.84075e-08
336	2.63103e-08
337	2.78078e-08
338	2.57482e-08
339	5.82376e-09
340	2.49463e-08
341	5.37246e-09
342	2.30431e-08
343	2.29966e-08
344	2.11824e-08
345	2.15136e-08
346	1.98851e-08
347	1.84493e-08
348	1.98722e-08
349	1.84264e-08
350	1.70914e-08
351	4.07704e-09
352	1.73989e-08
353	3.97722e-09
354	3.50628e-09
355	1.50856e-08
356	1.50014e-08
357	1.38027e-08
358	1.27947e-08
359	3.09498e-09
360	1.32901e-08
361	1.23616e-08
362	2.88277e-09
363	1.23465e-08
364	1.13988e-08
365	1.19912e-08
366	1.1003e-08
367	1.00954e-08
368	2.40459e-09
369	1.02092e-08
370	9.38981e-09
371	2.38365e-09
372	9.81899e-09
373	9.10603e-09
374	9.56002e-09
375	8.8618e-09
376	8.22144e-09
377	8.51681e-09
378	7.86531e-09
379	7.2603e-09
380	7.7541e-09
381	7.12048e-09
382	6.56313e-09
383	7.16421e-09
384	6.57415e-09
385	6.06519e-09
386	6.88968e-09
387	6.33886e-09
388	5.83408e-09
389	6.49398e-09
390	5.99085e-09
391	5.51959e-09
392	5.7979e-09
393	5.34347e-09
394	5.34782e-09
395	4.90844e-09
396	4.71033e-09
397	4.34313e-09
398	4.30266e-09
399	3.98477e-09
400	3.70175e-09
401	4.2042e-09
402	3.89169e-09
403	3.5862e-09
404	4.24985e-09
405	3.91477e-09
406	3.58989e-09
407	3.84846e-09
408	3.52932e-09
409	3.25712e-09
410	3.27851e-09
411	3.00994e-09
412	3.0896e-09
413	2.84343e-09
414	2.97251e-09
415	2.7291e-09
416	3.11054e-09
417	2.83263e-09
418	3.18438e-09
419	2.90276e-09
420	2.92832e-09
421	2.68283e-09
422	2.41553e-09
423	2.2418e-09
424	2.11105e-09
425	1.88065e-09
426	1.76986e-09
427	1.68731e-09
428	1.91364e-09
429	1.79184e-09
430	2.00612e-09
431	1.82965e-09
432	2.15358e-09
433	1.93513e-09
434	2.34754e-09
435	2.11323e-09
436	2.24545e-09
437	2.05232e-09
438	1.88902e-09
439	1.68909e-09
440	1.56528e-09
441	1.47508e-09
442	1.45047e-09
443	1.3515e-09
444	1.26819e-09
445	1.41752e-09
446	1.30724e-09
447	1.19658e-09
448	1.53533e-09
449	1.41365e-09
450	1.28881e-09
451	1.56468e-09
452	1.42568e-09
453	1.65271e-09
454	1.50894e-09
455	1.56062e-09
456	1.43583e-09
457	1.44832e-09
458	1.33308e-09
459	1.29409e-09
460	1.1893e-09
461	1.07444e-09
462	9.81182e-10
463	8.96129e-10
464	9.87266e-10
465	9.01933e-10
466	8.25344e-10
467	1.08127e-09
468	9.75999e-10
469	1.08966e-09
470	9.88738e-10
471	1.06311e-09
472	9.85079e-10
473	1.20208e-09
474	1.10144e-09
475	1.1892e-09
476	1.07522e-09
477	1.03978e-09
478	9.3418e-10
479	1.06382e-09
480	9.72913e-10
481	1.12877e-09
482	1.02926e-09
483	1.11304e-09
484	1.00652e-09
485	9.46237e-10
486	8.59309e-10
487	1.03399e-09
488	9.70799e-10
489	1.23602e-09
490	1.14985e-09
491	1.17847e-09
492	1.07576e-09
493	8.85344e-10
494	7.89486e-10
495	8.75334e-10
496	7.89816e-10
497	1.06666e-09
498	9.77711e-10
499	1.04214e-09
500	9.57059e-10
