1	1
2	0.639981
3	0.231
4	0.0928965
5	0.275386
6	0.28488
7	0.227511
8	0.219767
9	0.139831
10	0.127344
11	0.131179
12	0.126125
13	0.143804
14	0.12918
15	0.0969849
16	0.100807
17	0.100472
18	0.0878492
19	0.0930211
20	0.100959
21	0.0855857
22	0.0702545
23	0.0767789
24	0.0774759
25	0.0642714
26	0.0625097
27	0.0664122
28	0.0598122
29	0.0476243
30	0.0490562
31	0.0495959
32	0.0410941
33	0.03397
34	0.0344236
35	0.0339
36	0.0260838
37	0.0241757
38	0.0257643
39	0.0217133
40	0.0179306
41	0.0179875
42	0.0160406
43	0.013765
44	0.0140505
45	0.0131108
46	0.0105147
47	0.0104943
48	0.0107506
49	0.00870765
50	0.00769622
51	0.00868595
52	0.00810302
53	0.00628573
54	0.00600867
55	0.00619252
56	0.0053687
57	0.00419149
58	0.00454064
59	0.00458896
60	0.00373758
61	0.00288679
62	0.00296475
63	0.0031715
64	0.002743
65	0.00227432
66	0.00244677
67	0.0026307
68	0.00228214
69	0.00175074
70	0.00178745
71	0.00184592
72	0.00163571
73	0.00142291
74	0.00144793
75	0.00141791
76	0.00132307
77	0.00121822
78	0.00108801
79	0.000997868
80	0.000942015
81	0.000951659
82	0.000922836
83	0.000849767
84	0.00078706
85	0.000761892
86	0.000717051
87	0.000621759
88	0.000562135
89	0.000569822
90	0.000577332
91	0.000562364
92	0.000537
93	0.000505102
94	0.000457196
95	0.000419081
96	0.000391219
97	0.000372895
98	0.000362862
99	0.000357211
100	0.000350294
101	0.000337016
102	0.000320975
103	0.00030216
104	0.00028413
105	0.000272231
106	0.000261925
107	0.000248443
108	0.000236686
109	0.000226708
110	0.000217876
111	0.000208824
112	0.000199996
113	0.000191069
114	0.000183929
115	0.000176533
116	0.000168509
117	0.000161568
118	0.000155434
119	0.000149627
120	0.000144007
121	0.000139045
122	0.000134761
123	0.000130073
124	0.000125809
125	0.000121983
126	0.000118565
127	0.000115443
128	0.000112148
129	0.000108918
130	0.000106078
131	0.000103332
132	0.000100938
133	9.84629e-05
134	9.63577e-05
135	9.43618e-05
136	9.21998e-05
137	8.99684e-05
138	8.78186e-05
139	8.58097e-05
140	8.3683e-05
141	8.1786e-05
142	7.99566e-05
143	7.80529e-05
144	7.60618e-05
145	7.40012e-05
146	7.19927e-05
147	7.00626e-05
148	6.79772e-05
149	6.59974e-05
150	6.42102e-05
151	6.23961e-05
152	6.04867e-05
153	5.83471e-05
154	5.64338e-05
155	5.46136e-05
156	5.28413e-05
157	5.10797e-05
158	4.93035e-05
159	4.74495e-05
160	4.57473e-05
161	4.41593e-05
162	4.27256e-05
163	4.12996e-05
164	3.97456e-05
165	3.82796e-05
166	3.69118e-05
167	3.56944e-05
168	3.45278e-05
169	3.33778e-05
170	3.21475e-05
171	3.10264e-05
172	3.00629e-05
173	2.91525e-05
174	2.81719e-05
175	2.725e-05
176	2.638e-05
177	2.56018e-05
178	2.48516e-05
179	2.41171e-05
180	2.33191e-05
181	2.25955e-05
182	2.19745e-05
183	2.13758e-05
184	2.07724e-05
185	2.01557e-05
186	1.94969e-05
187	1.89114e-05
188	1.84197e-05
189	1.79443e-05
190	1.74506e-05
191	1.68835e-05
192	1.63882e-05
193	1.59277e-05
194	1.54878e-05
195	1.50534e-05
196	1.46137e-05
197	1.41455e-05
198	1.37471e-05
199	1.33709e-05
200	1.29946e-05
201	1.26093e-05
202	1.22264e-05
203	1.18576e-05
204	1.15089e-05
205	1.11748e-05
206	1.0849e-05
207	1.05278e-05
208	1.02116e-05
209	9.90339e-06
210	9.60554e-06
211	9.3181e-06
212	9.03947e-06
213	8.76706e-06
214	8.50326e-06
215	8.24635e-06
216	7.99655e-06
217	7.75415e-06
218	7.51902e-06
219	7.29077e-06
220	7.06908e-06
221	6.85381e-06
222	6.64499e-06
223	6.44255e-06
224	6.23167e-06
225	6.03863e-06
226	5.86885e-06
227	5.68845e-06
228	5.5103e-06
229	5.33747e-06
230	5.17182e-06
231	5.01389e-06
232	4.86257e-06
233	4.71583e-06
234	4.57232e-06
235	4.43211e-06
236	4.29615e-06
237	4.16522e-06
238	4.03933e-06
239	3.91785e-06
240	3.80003e-06
241	3.68548e-06
242	3.57422e-06
243	3.46649e-06
244	3.36242e-06
245	3.26188e-06
246	3.16377e-06
247	3.04292e-06
248	2.96896e-06
249	2.89899e-06
250	2.79636e-06
251	2.69575e-06
252	2.63052e-06
253	2.56817e-06
254	2.47544e-06
255	2.38603e-06
256	2.32753e-06
257	2.24694e-06
258	2.17463e-06
259	2.11145e-06
260	2.07812e-06
261	2.00572e-06
262	1.93111e-06
263	1.86244e-06
264	1.80465e-06
265	1.77916e-06
266	1.72046e-06
267	1.65628e-06
268	1.60104e-06
269	1.55509e-06
270	1.51603e-06
271	1.47131e-06
272	1.42447e-06
273	1.38525e-06
274	1.34479e-06
275	1.30052e-06
276	1.25719e-06
277	1.22047e-06
278	1.18204e-06
279	1.14219e-06
280	1.11399e-06
281	1.08507e-06
282	1.0535e-06
283	1.01763e-06
284	9.80416e-07
285	9.57854e-07
286	9.32634e-07
287	9.06355e-07
288	8.75591e-07
289	8.42729e-07
290	8.15385e-07
291	7.95453e-07
292	7.77663e-07
293	7.57823e-07
294	7.34581e-07
295	7.0978e-07
296	6.86056e-07
297	6.65109e-07
298	6.47111e-07
299	6.31196e-07
300	6.15873e-07
301	5.98627e-07
302	5.79034e-07
303	5.59197e-07
304	5.40984e-07
305	5.24933e-07
306	5.11045e-07
307	4.98923e-07
308	4.86795e-07
309	4.7246e-07
310	4.56566e-07
311	4.40008e-07
312	4.20238e-07
313	4.1078e-07
314	4.07104e-07
315	3.98941e-07
316	3.82749e-07
317	3.71141e-07
318	3.57814e-07
319	3.45809e-07
320	3.25172e-07
321	3.26844e-07
322	3.30422e-07
323	3.15923e-07
324	3.05108e-07
325	3.0054e-07
326	2.90524e-07
327	2.70489e-07
328	2.64199e-07
329	2.53321e-07
330	2.5039e-07
331	2.52545e-07
332	2.42359e-07
333	2.33747e-07
334	2.2565e-07
335	2.17753e-07
336	2.1075e-07
337	2.01937e-07
338	1.94107e-07
339	1.94946e-07
340	1.86807e-07
341	1.85679e-07
342	1.78525e-07
343	1.74458e-07
344	1.68472e-07
345	1.61486e-07
346	1.55868e-07
347	1.50058e-07
348	1.43932e-07
349	1.38141e-07
350	1.32188e-07
351	1.34538e-07
352	1.28424e-07
353	1.34033e-07
354	1.28197e-07
355	1.22625e-07
356	1.19718e-07
357	1.15663e-07
358	1.11572e-07
359	1.08903e-07
360	1.05189e-07
361	1.01126e-07
362	9.99715e-08
363	9.58916e-08
364	9.16758e-08
365	9.33985e-08
366	8.93782e-08
367	8.55687e-08
368	9.05487e-08
369	8.74244e-08
370	8.39289e-08
371	8.44435e-08
372	8.11562e-08
373	7.79943e-08
374	7.55268e-08
375	7.26059e-08
376	6.96272e-08
377	7.19689e-08
378	6.90323e-08
379	6.60132e-08
380	6.67407e-08
381	6.40187e-08
382	6.13123e-08
383	6.66345e-08
384	6.40329e-08
385	6.13022e-08
386	6.10914e-08
387	5.8409e-08
388	5.57995e-08
389	5.75156e-08
390	5.49117e-08
391	5.24488e-08
392	5.49968e-08
393	5.24713e-08
394	5.3096e-08
395	5.06006e-08
396	4.72026e-08
397	4.51098e-08
398	4.73785e-08
399	4.52365e-08
400	4.30319e-08
401	4.43185e-08
402	4.17848e-08
403	3.94621e-08
404	4.27285e-08
405	4.01967e-08
406	3.77965e-08
407	4.25247e-08
408	3.9798e-08
409	3.72329e-08
410	3.9195e-08
411	3.62449e-08
412	3.90282e-08
413	3.64092e-08
414	3.71566e-08
415	3.48159e-08
416	3.91977e-08
417	3.66826e-08
418	3.7709e-08
419	3.53531e-08
420	3.52869e-08
421	3.29261e-08
422	3.41925e-08
423	3.1685e-08
424	2.95075e-08
425	3.28399e-08
426	2.97467e-08
427	2.70112e-08
428	3.15041e-08
429	2.86341e-08
430	3.36695e-08
431	3.07323e-08
432	3.21944e-08
433	2.93536e-08
434	3.38499e-08
435	3.09496e-08
436	3.34908e-08
437	3.07701e-08
438	2.83236e-08
439	3.31985e-08
440	2.98538e-08
441	2.69185e-08
442	3.06376e-08
443	2.76446e-08
444	2.48549e-08
445	3.14722e-08
446	2.81664e-08
447	2.52803e-08
448	3.38859e-08
449	3.01458e-08
450	2.68391e-08
451	3.41103e-08
452	3.0465e-08
453	3.63352e-08
454	3.26727e-08
455	3.45957e-08
456	3.09651e-08
457	3.56593e-08
458	3.19074e-08
459	3.24232e-08
460	2.91838e-08
461	3.16778e-08
462	2.82368e-08
463	2.52925e-08
464	3.54863e-08
465	3.10337e-08
466	2.69636e-08
467	3.49633e-08
468	3.1276e-08
469	3.63863e-08
470	3.25973e-08
471	3.47482e-08
472	3.03344e-08
473	3.72996e-08
474	3.29284e-08
475	3.43881e-08
476	3.10472e-08
477	3.44018e-08
478	3.03363e-08
479	3.58933e-08
480	3.1224e-08
481	3.54732e-08
482	3.14562e-08
483	3.31495e-08
484	2.96901e-08
485	3.42355e-08
486	2.98085e-08
487	3.58194e-08
488	3.11562e-08
489	3.50326e-08
490	3.11878e-08
491	3.27789e-08
492	2.92208e-08
493	3.34709e-08
494	2.90367e-08
495	3.4207e-08
496	2.97829e-08
497	3.30714e-08
498	2.95262e-08
499	3.14837e-08
500	2.7898e-08
