1	0.0273037
2	0.017689
3	0.00689463
4	0.00496291
5	0.0254249
6	0.00774213
7	0.0115367
8	0.0146342
9	0.0121011
10	0.00674082
11	0.0062267
12	0.00802518
13	0.0060296
14	0.00482387
15	0.0047351
16	0.00415829
17	0.00418851
18	0.00490611
19	0.00416729
20	0.00377122
21	0.00437902
22	0.00363746
23	0.00275482
24	0.00367828
25	0.00421649
26	0.0030947
27	0.00273075
28	0.00314215
29	0.00274466
30	0.00188648
31	0.00238519
32	0.00276917
33	0.002217
34	0.00157978
35	0.0018536
36	0.0016997
37	0.00112778
38	0.00132783
39	0.0014679
40	0.0011134
41	0.000963145
42	0.00101808
43	0.000753368
44	0.000647679
45	0.000807301
46	0.000743686
47	0.000521817
48	0.000602914
49	0.000629273
50	0.00044766
51	0.000401525
52	0.000502442
53	0.000497776
54	0.000330459
55	0.000342507
56	0.000408149
57	0.000344122
58	0.000267304
59	0.000296228
60	0.000317284
61	0.000274798
62	0.000211009
63	0.000235611
64	0.000240369
65	0.000199284
66	0.000175286
67	0.000187983
68	0.000182431
69	0.000154422
70	0.0001358
71	0.00013707
72	0.000133191
73	0.000121145
74	0.00011093
75	0.000109644
76	0.00010707
77	0.000100939
78	9.11129e-05
79	8.6282e-05
80	8.52205e-05
81	8.46061e-05
82	8.12864e-05
83	7.67761e-05
84	7.51825e-05
85	7.44359e-05
86	2.23893e-05
87	1.93835e-05
88	5.59314e-05
89	1.7656e-05
90	5.61365e-05
91	1.76858e-05
92	5.34097e-05
93	1.63981e-05
94	1.50754e-05
95	1.37224e-05
96	1.2906e-05
97	1.25186e-05
98	1.22883e-05
99	1.18435e-05
100	1.1256e-05
101	1.06785e-05
102	1.02136e-05
103	1.00171e-05
104	9.78274e-06
105	9.41161e-06
106	8.98458e-06
107	8.47702e-06
108	8.07929e-06
109	7.78451e-06
110	7.50609e-06
111	7.23889e-06
112	6.96392e-06
113	6.62747e-06
114	6.41183e-06
115	6.22858e-06
116	6.04309e-06
117	5.86134e-06
118	5.64208e-06
119	5.41314e-06
120	5.20646e-06
121	5.03991e-06
122	4.90135e-06
123	4.73419e-06
124	4.66067e-06
125	4.56058e-06
126	4.40029e-06
127	4.2775e-06
128	4.14361e-06
129	4.00403e-06
130	3.91997e-06
131	3.81961e-06
132	3.70076e-06
133	3.59687e-06
134	3.52051e-06
135	3.4267e-06
136	3.35261e-06
137	3.2553e-06
138	3.1416e-06
139	3.0377e-06
140	2.97329e-06
141	2.91993e-06
142	2.83952e-06
143	2.7715e-06
144	2.68867e-06
145	2.59152e-06
146	2.50397e-06
147	2.43452e-06
148	2.35727e-06
149	2.29502e-06
150	2.24224e-06
151	2.18002e-06
152	2.11158e-06
153	2.02545e-06
154	1.96842e-06
155	1.91519e-06
156	1.85927e-06
157	1.80043e-06
158	1.74043e-06
159	1.67243e-06
160	1.62051e-06
161	1.57482e-06
162	1.53481e-06
163	1.48869e-06
164	1.42731e-06
165	1.37846e-06
166	1.33676e-06
167	1.30178e-06
168	1.26344e-06
169	1.22281e-06
170	1.17214e-06
171	1.13318e-06
172	1.10472e-06
173	1.07493e-06
174	1.03334e-06
175	1.00014e-06
176	9.71239e-07
177	9.46378e-07
178	9.18509e-07
179	8.89373e-07
180	8.53138e-07
181	8.26785e-07
182	8.08023e-07
183	7.87402e-07
184	7.63931e-07
185	7.38904e-07
186	7.09378e-07
187	6.87808e-07
188	6.72794e-07
189	6.56402e-07
190	6.37599e-07
191	6.11868e-07
192	5.94709e-07
193	5.78964e-07
194	5.62941e-07
195	5.46319e-07
196	5.29299e-07
197	5.09474e-07
198	4.96793e-07
199	4.84556e-07
200	4.70915e-07
201	4.5599e-07
202	4.41292e-07
203	4.27672e-07
204	4.15217e-07
205	4.03314e-07
206	3.91618e-07
207	3.80006e-07
208	3.68529e-07
209	3.57323e-07
210	3.46509e-07
211	3.3613e-07
212	3.26143e-07
213	3.16377e-07
214	3.07009e-07
215	2.97816e-07
216	2.88821e-07
217	2.80088e-07
218	2.71646e-07
219	2.63479e-07
220	2.5555e-07
221	2.4784e-07
222	2.40345e-07
223	2.33073e-07
224	2.2451e-07
225	2.1788e-07
226	2.12852e-07
227	2.06103e-07
228	1.99563e-07
229	1.93363e-07
230	1.87481e-07
231	1.8185e-07
232	1.76416e-07
233	1.71138e-07
234	1.65985e-07
235	1.60943e-07
236	1.56023e-07
237	1.5126e-07
238	1.46675e-07
239	1.42265e-07
240	1.38003e-07
241	1.33856e-07
242	1.29812e-07
243	1.25879e-07
244	1.22073e-07
245	1.18402e-07
246	1.15235e-07
247	1.09455e-07
248	1.0754e-07
249	1.05511e-07
250	1.00984e-07
251	9.7079e-08
252	9.60489e-08
253	9.40038e-08
254	8.94721e-08
255	8.5701e-08
256	8.51657e-08
257	8.14599e-08
258	7.83276e-08
259	7.60869e-08
260	7.66189e-08
261	7.31018e-08
262	6.96369e-08
263	6.69525e-08
264	6.50606e-08
265	6.56374e-08
266	6.28096e-08
267	5.99863e-08
268	5.76891e-08
269	5.61205e-08
270	5.49746e-08
271	5.33203e-08
272	5.18649e-08
273	5.02268e-08
274	4.89628e-08
275	4.75569e-08
276	4.58598e-08
277	4.45054e-08
278	4.30112e-08
279	4.15002e-08
280	4.03009e-08
281	3.94257e-08
282	3.83548e-08
283	3.70203e-08
284	3.5678e-08
285	3.45594e-08
286	3.41231e-08
287	3.32757e-08
288	3.19195e-08
289	3.05188e-08
290	2.9616e-08
291	2.91042e-08
292	2.85117e-08
293	2.75782e-08
294	2.64644e-08
295	2.5429e-08
296	2.46187e-08
297	2.40299e-08
298	2.35468e-08
299	2.29934e-08
300	2.22862e-08
301	2.14655e-08
302	2.06407e-08
303	1.99345e-08
304	1.9387e-08
305	1.89561e-08
306	1.85483e-08
307	1.80747e-08
308	1.75098e-08
309	1.68759e-08
310	1.62569e-08
311	1.46734e-08
312	1.48152e-08
313	1.50492e-08
314	1.51558e-08
315	1.49386e-08
316	1.35272e-08
317	1.30965e-08
318	1.27997e-08
319	1.15642e-08
320	1.16815e-08
321	1.19687e-08
322	1.2245e-08
323	1.108e-08
324	1.07644e-08
325	1.06055e-08
326	9.58747e-09
327	9.5472e-09
328	9.58203e-09
329	8.66971e-09
330	9.18894e-09
331	9.4878e-09
332	8.60793e-09
333	8.21144e-09
334	7.40967e-09
335	7.51079e-09
336	6.78057e-09
337	7.37761e-09
338	6.69526e-09
339	7.29186e-09
340	6.62576e-09
341	6.92827e-09
342	6.28068e-09
343	6.32008e-09
344	5.71078e-09
345	5.79371e-09
346	5.2342e-09
347	4.70152e-09
348	5.28513e-09
349	4.80862e-09
350	4.33718e-09
351	5.00842e-09
352	4.55617e-09
353	5.00895e-09
354	4.54312e-09
355	4.08801e-09
356	4.14565e-09
357	3.74462e-09
358	1.0897e-08
359	4.15078e-09
360	3.7915e-09
361	3.43505e-09
362	3.84342e-09
363	3.51273e-09
364	3.18469e-09
365	3.33657e-09
366	9.52669e-09
367	8.88389e-09
368	9.98106e-09
369	9.37221e-09
370	8.72479e-09
371	3.40994e-09
372	9.47393e-09
373	8.86146e-09
374	9.23836e-09
375	8.74315e-09
376	8.22935e-09
377	8.5763e-09
378	8.11825e-09
379	7.62023e-09
380	7.70235e-09
381	7.26052e-09
382	6.78571e-09
383	7.24953e-09
384	6.81862e-09
385	6.35751e-09
386	6.9206e-09
387	6.50271e-09
388	6.06823e-09
389	6.76722e-09
390	6.39323e-09
391	6.0005e-09
392	6.42288e-09
393	6.08095e-09
394	6.15244e-09
395	5.81521e-09
396	5.49122e-09
397	5.14511e-09
398	4.93858e-09
399	4.59918e-09
400	4.2561e-09
401	4.59293e-09
402	4.31056e-09
403	4.02389e-09
404	4.48472e-09
405	4.23738e-09
406	3.97925e-09
407	4.2993e-09
408	4.06819e-09
409	3.81714e-09
410	3.73985e-09
411	3.53793e-09
412	3.526e-09
413	3.30601e-09
414	3.48054e-09
415	3.24977e-09
416	3.73575e-09
417	3.51269e-09
418	3.80297e-09
419	3.59636e-09
420	3.59636e-09
421	3.40195e-09
422	3.33021e-09
423	3.15853e-09
424	2.98211e-09
425	2.44355e-09
426	2.29068e-09
427	2.14189e-09
428	1.854e-09
429	1.70535e-09
430	2.132e-09
431	1.9846e-09
432	2.39716e-09
433	2.26122e-09
434	2.60538e-09
435	2.45513e-09
436	2.80746e-09
437	2.64608e-09
438	2.48123e-09
439	2.41104e-09
440	2.29629e-09
441	2.17855e-09
442	1.76095e-09
443	1.6485e-09
444	1.53763e-09
445	1.40652e-09
446	1.29267e-09
447	1.17547e-09
448	1.40385e-09
449	1.30777e-09
450	1.20944e-09
451	1.5375e-09
452	1.4364e-09
453	1.89755e-09
454	1.77134e-09
455	2.01436e-09
456	1.90408e-09
457	1.89775e-09
458	1.80214e-09
459	1.6654e-09
460	1.56461e-09
461	1.48265e-09
462	1.38165e-09
463	1.28285e-09
464	1.09357e-09
465	1.02583e-09
466	9.59408e-10
467	1.33349e-09
468	1.25199e-09
469	1.69758e-09
470	1.58432e-09
471	1.58152e-09
472	1.48141e-09
473	1.46953e-09
474	1.3981e-09
475	1.48201e-09
476	1.39736e-09
477	1.56091e-09
478	1.45799e-09
479	1.41955e-09
480	1.32567e-09
481	1.36756e-09
482	1.29335e-09
483	1.40388e-09
484	1.32501e-09
485	1.45577e-09
486	1.36709e-09
487	1.27859e-09
488	1.20092e-09
489	1.34585e-09
490	1.26655e-09
491	1.44123e-09
492	1.35343e-09
493	1.40536e-09
494	1.32027e-09
495	1.12057e-09
496	1.05725e-09
497	1.23827e-09
498	1.1668e-09
499	1.41059e-09
500	1.32542e-09
